"","auc(roc_Loo_multi)","auc(roc_Loo)","auc(roc_KNN_log_N_P)","auc(roc_KNN_log_N_P_diff_net)","auc(roc_KNN_5_sqrt_N)","auc(roc_KNN_5_sqrt_N_diff_net)","auc(roc_optics_k_mean)","auc(roc_optics_k_mean_diff_net)","auc(roc_optics_k_5)","auc(roc_optics_k_5_diff_net)","auc(roc_optics_sqrt_n)","auc(roc_optics_sqrt_n_diff_net)","auc(roc_OTS)","auc(roc_OTS_diff_net)","auc(roc_OTS_cosine)","auc(roc_OTS_diff_net_cosine)","auc(roc_OTS_cosine_med)","auc(roc_OTS_euc_med)","auc(roc_OTS_glob_avg_OTS)","auc(roc_spoutlier)","auc(roc_spoutlier_diff_net)","auc(roc_spoutlier_diff_net_norm)","auc_DPCC","auc(roc_cook_max)","auc(roc_cook_max_diff_net)","auc(roc_cook_avg)","auc(roc_cook_avg_diff_net)","auc(roc_cook_med)","auc(roc_cook_med_diff_net)","NA","NA","NA","NA"
"1",100,1,2,TRUE,0.651515151515151,0.651515151515151,0.623737373737374,0.623737373737374,0.661616161616162,0.661616161616162,0.641414141414141,0.641414141414141,0.484848484848485,0.484848484848485,0.547979797979798,0.547979797979798,0.595959595959596,0.621212121212121,0.5,0.5,NA,0.601010101010101,NA,0.565656565656566,0.575757575757576,0.691919191919192,0.651515151515151,0.651515151515151,0.651515151515151,0.651515151515151,0.651515151515151,0.651515151515151,0.651515151515151
"2",500,1,2,TRUE,0.650300601202405,0.649298597194389,0.665330661322645,0.665330661322645,0.648296593186373,0.648296593186373,0.402304609218437,0.402304609218437,0.454909819639279,0.454909819639279,0.708416833667335,0.708416833667335,0.606212424849699,0.640280561122244,0.5,0.5,NA,0.672344689378757,NA,0.657314629258517,0.6312625250501,0.63627254509018,0.649298597194389,0.649298597194389,0.649298597194389,0.649298597194389,0.649298597194389,0.649298597194389,0.649298597194389
"3",1000,1,2,TRUE,0.538788788788789,0.535035035035035,0.562562562562563,0.562562562562563,0.573573573573574,0.573573573573574,0.488488488488488,0.488488488488488,0.533533533533534,0.533533533533534,0.566316316316316,0.566316316316316,0.654154154154154,0.547547547547548,0.5,0.5,NA,0.552052052052052,NA,0.585085085085085,0.607607607607608,0.645645645645646,0.535035035035035,0.535035035035035,0.535035035035035,0.535035035035035,0.535035035035035,0.535035035035035,0.535035035035035
"4",2000,1,2,TRUE,0.51575787893947,0.517008504252126,0.474987493746873,0.474987493746873,0.517008504252126,0.517008504252126,0.398574287143572,0.398574287143572,0.39719859929965,0.39719859929965,0.615807903951976,0.615807903951976,0.536018009004502,0.532266133066533,0.5,0.5,NA,0.50487743871936,NA,0.571785892946473,0.557778889444722,0.577788894447224,0.517008504252126,0.517008504252126,0.517008504252126,0.517008504252126,0.517008504252126,0.517008504252126,0.517008504252126
"5",100,5,2,TRUE,0.566315789473684,0.566315789473684,0.561052631578947,0.561052631578947,0.561052631578947,0.561052631578947,0.498947368421053,0.498947368421053,0.466842105263158,0.466842105263158,0.519473684210526,0.519473684210526,0.571578947368421,0.542105263157895,0.5,0.5,NA,0.54,NA,0.562631578947368,0.531052631578947,0.55578947368421,0.565263157894737,0.565263157894737,0.565263157894737,0.565263157894737,0.565263157894737,0.565263157894737,0.565263157894737
"6",500,5,2,TRUE,0.573333333333333,0.573131313131313,0.582626262626263,0.582626262626263,0.568888888888889,0.568888888888889,0.50959595959596,0.50959595959596,0.515454545454545,0.515454545454545,0.527272727272727,0.527272727272727,0.586969696969697,0.576565656565657,0.5,0.5,NA,0.56040404040404,NA,0.598888888888889,0.587878787878788,0.59030303030303,0.573333333333333,0.573333333333333,0.573333333333333,0.573333333333333,0.573333333333333,0.573333333333333,0.573333333333333
"7",1000,5,2,TRUE,0.584522613065327,0.581909547738694,0.561306532663317,0.561306532663317,0.571155778894472,0.571155778894472,0.439095477386935,0.439095477386935,0.447386934673367,0.447386934673367,0.545929648241206,0.545929648241206,0.563618090452261,0.561005025125628,0.5,0.5,NA,0.565326633165829,NA,0.586030150753769,0.549246231155779,0.585979899497487,0.581608040201005,0.581809045226131,0.581809045226131,0.581809045226131,0.581809045226131,0.581809045226131,0.581809045226131
"8",2000,5,2,TRUE,0.601804511278195,0.601804511278195,0.590225563909774,0.590225563909774,0.603558897243108,0.603558897243108,0.474786967418546,0.474786967418546,0.451654135338346,0.451654135338346,0.561453634085213,0.561453634085213,0.58,0.605363408521303,0.5,0.5,NA,0.608195488721805,NA,0.585062656641604,0.582456140350877,0.575639097744361,0.601804511278195,0.601804511278195,0.601804511278195,0.601804511278195,0.601804511278195,0.601804511278195,0.601804511278195
"9",100,10,2,TRUE,0.585555555555556,0.590555555555556,0.578888888888889,0.578888888888889,0.581666666666667,0.581666666666667,0.500555555555556,0.500555555555556,0.493055555555556,0.493055555555556,0.5625,0.5625,0.580555555555555,0.586944444444444,0.5,0.5,NA,0.5975,NA,0.5875,0.59,0.589722222222222,0.591111111111111,0.591666666666667,0.591666666666667,0.591666666666667,0.591666666666667,0.591666666666667,0.591666666666667
"10",500,10,2,TRUE,0.568112244897959,0.569795918367347,0.571632653061224,0.571632653061224,0.571224489795918,0.571224489795918,0.483775510204082,0.483775510204082,0.48969387755102,0.48969387755102,0.556734693877551,0.556734693877551,0.567244897959184,0.574336734693877,0.5,0.5,NA,0.575867346938776,NA,0.57765306122449,0.569285714285714,0.566530612244898,0.569897959183673,0.569795918367347,0.569795918367347,0.569795918367347,0.569795918367347,0.569795918367347,0.569795918367347
"11",1000,10,2,TRUE,0.574015151515151,0.572121212121212,0.553939393939394,0.553939393939394,0.566010101010101,0.566010101010101,0.463005050505051,0.463005050505051,0.445050505050505,0.445050505050505,0.530858585858586,0.530858585858586,0.567929292929293,0.552222222222222,0.5,0.5,NA,0.574090909090909,NA,0.561616161616162,0.571060606060606,0.562070707070707,0.572373737373737,0.572272727272727,0.572272727272727,0.572272727272727,0.572272727272727,0.572272727272727,0.572272727272727
"12",2000,10,2,TRUE,0.588015075376884,0.590477386934673,0.586105527638191,0.586105527638191,0.594798994974874,0.594798994974874,0.453241206030151,0.453241206030151,0.447110552763819,0.447110552763819,0.550062814070352,0.550062814070352,0.568768844221106,0.572889447236181,0.5,0.5,NA,0.59037688442211,NA,0.599221105527638,0.560854271356784,0.578693467336683,0.590477386934673,0.590452261306533,0.590452261306533,0.590452261306533,0.590452261306533,0.590452261306533,0.590452261306533
"13",100,1,3,TRUE,0.712121212121212,0.762626262626263,0.833333333333333,0.833333333333333,0.818181818181818,0.818181818181818,0.734848484848485,0.734848484848485,0.742424242424242,0.742424242424242,0.772727272727273,0.772727272727273,0.803030303030303,0.813131313131313,0.762626262626263,0.598484848484848,0.868686868686869,0.808080808080808,0.848484848484849,0.792929292929293,0.792929292929293,0.833333333333333,NA,0.888888888888889,0.888888888888889,0.863636363636364,0.863636363636364,0.838383838383838,0.838383838383838
"14",500,1,3,TRUE,0.576152304609219,0.647294589178357,0.714428857715431,0.714428857715431,0.687374749498998,0.687374749498998,0.694889779559118,0.694889779559118,0.694889779559118,0.694889779559118,0.718436873747495,0.718436873747495,0.637274549098196,0.722444889779559,0.728456913827655,0.597194388777555,0.713426853707415,0.715430861723447,0.693386773547094,0.718436873747495,0.730460921843687,0.716432865731463,NA,0.799599198396794,0.799599198396794,0.801603206412826,0.801603206412826,0.777555110220441,0.777555110220441
"15",1000,1,3,TRUE,0.657407407407407,0.688188188188188,0.852852852852853,0.852852852852853,0.796796796796797,0.796796796796797,0.746746746746747,0.746746746746747,0.746746746746747,0.746746746746747,0.815815815815816,0.815815815815816,0.748248248248248,0.742242242242242,0.776776776776777,0.634134134134134,0.823323323323323,0.762762762762763,0.818818818818819,0.76026026026026,0.721721721721722,0.73023023023023,NA,0.898398398398398,0.898398398398398,0.901401401401401,0.901401401401401,0.887887887887888,0.887887887887888
"16",2000,1,3,TRUE,0.607803901950975,0.569534767383692,0.655577788894447,0.655577788894447,0.642071035517759,0.642071035517759,0.643571785892947,0.643571785892947,0.643571785892947,0.643571785892947,0.712356178089045,0.712356178089045,0.638569284642321,0.585542771385693,0.729114557278639,0.543021510755378,0.740620310155078,0.651325662831416,0.682341170585293,0.64632316158079,0.63231615807904,0.629814907453727,NA,0.700100050025013,0.700100050025013,0.722611305652826,0.722611305652826,0.717858929464732,0.717858929464732
"17",100,5,3,TRUE,0.561052631578947,0.60421052631579,0.63578947368421,0.63578947368421,0.636842105263158,0.636842105263158,0.628947368421053,0.628947368421053,0.62421052631579,0.62421052631579,0.601052631578947,0.601052631578947,0.631052631578947,0.65,0.679473684210526,0.6,0.661052631578947,0.646842105263158,0.672631578947368,0.670526315789474,0.617894736842105,0.648421052631579,NA,0.650526315789474,0.650526315789474,0.65578947368421,0.65578947368421,0.654736842105263,0.654736842105263
"18",500,5,3,TRUE,0.620909090909091,0.634343434343434,0.673131313131313,0.673131313131313,0.667676767676768,0.667676767676768,0.628080808080808,0.628080808080808,0.628080808080808,0.628080808080808,0.693535353535354,0.693535353535354,0.662828282828283,0.658181818181818,0.692727272727273,0.590707070707071,0.714949494949495,0.656565656565657,0.681010101010101,0.655353535353535,0.666060606060606,0.662929292929293,NA,0.691919191919192,0.691919191919192,0.704040404040404,0.704040404040404,0.701616161616162,0.701616161616162
"19",1000,5,3,TRUE,0.530251256281407,0.557688442211055,0.624020100502513,0.624020100502513,0.616381909547739,0.616381909547739,0.610854271356784,0.610854271356784,0.610854271356784,0.610854271356784,0.653768844221106,0.653768844221106,0.608542713567839,0.615175879396985,0.622914572864322,0.602613065326633,0.638994974874372,0.609447236180904,0.619698492462311,0.603316582914573,0.590753768844221,0.61678391959799,NA,0.645025125628141,0.645025125628141,0.651155778894472,0.651155778894472,0.637386934673367,0.637386934673367
"20",2000,5,3,TRUE,0.590827067669173,0.583558897243108,0.654135338345865,0.654135338345865,0.648471177944862,0.648471177944862,0.613834586466165,0.613834586466165,0.613834586466165,0.613834586466165,0.679398496240601,0.679398496240601,0.620250626566416,0.647167919799499,0.64125313283208,0.59859649122807,0.66125313283208,0.639548872180451,0.657293233082707,0.628070175438597,0.6334335839599,0.635889724310777,NA,0.667619047619048,0.667619047619048,0.662305764411028,0.662305764411028,0.655037593984962,0.655037593984962
"21",100,10,3,TRUE,0.544166666666667,0.576111111111111,0.612222222222222,0.612222222222222,0.603888888888889,0.603888888888889,0.613055555555555,0.613055555555555,0.623888888888889,0.623888888888889,0.603333333333333,0.603333333333333,0.605833333333333,0.611944444444444,0.610555555555556,0.579722222222222,0.639722222222222,0.614722222222222,0.635555555555556,0.605277777777778,0.607777777777778,0.605277777777778,NA,0.613333333333333,0.613333333333333,0.618333333333333,0.618333333333333,0.615555555555556,0.615555555555556
"22",500,10,3,TRUE,0.587397959183674,0.582857142857143,0.642551020408163,0.642551020408163,0.641224489795918,0.641224489795918,0.634540816326531,0.634540816326531,0.634540816326531,0.634540816326531,0.679591836734694,0.679591836734694,0.616326530612245,0.626530612244898,0.667040816326531,0.609948979591837,0.692551020408163,0.623571428571429,0.667857142857143,0.619387755102041,0.620816326530612,0.606683673469388,NA,0.668571428571429,0.668571428571429,0.666530612244898,0.666530612244898,0.65530612244898,0.65530612244898
"23",1000,10,3,TRUE,0.56709595959596,0.56979797979798,0.625606060606061,0.625606060606061,0.616818181818182,0.616818181818182,0.610227272727273,0.610227272727273,0.610227272727273,0.610227272727273,0.639292929292929,0.639292929292929,0.609949494949495,0.604646464646465,0.647878787878788,0.587878787878788,0.640858585858586,0.612222222222222,0.64030303030303,0.608686868686869,0.608333333333333,0.624545454545455,NA,0.639191919191919,0.639191919191919,0.643484848484849,0.643484848484849,0.655606060606061,0.655606060606061
"24",2000,10,3,TRUE,0.543831658291457,0.574849246231156,0.606809045226131,0.606809045226131,0.59821608040201,0.59821608040201,0.60071608040201,0.60071608040201,0.60071608040201,0.60071608040201,0.651708542713568,0.651708542713568,0.594208542713568,0.605326633165829,0.62394472361809,0.566708542713568,0.66251256281407,0.593844221105528,0.628366834170854,0.603442211055276,0.606306532663317,0.617939698492462,NA,0.612261306532663,0.612261306532663,0.622562814070352,0.622562814070352,0.62748743718593,0.62748743718593
"25",100,1,5,TRUE,0.656565656565657,0.641414141414141,0.772727272727273,0.772727272727273,0.767676767676768,0.767676767676768,0.595959595959596,0.595959595959596,0.676767676767677,0.676767676767677,0.51010101010101,0.51010101010101,0.792929292929293,0.744949494949495,0.904040404040404,0.810606060606061,0.94949494949495,0.772727272727273,0.924242424242424,0.777777777777778,0.752525252525253,0.757575757575758,NA,0.96969696969697,0.96969696969697,0.98989898989899,0.98989898989899,0.98989898989899,0.98989898989899
"26",500,1,5,TRUE,0.669338677354709,0.660320641282565,0.784569138276553,0.784569138276553,0.765531062124248,0.765531062124248,0.802605210420842,0.802605210420842,0.783567134268537,0.783567134268537,0.696392785571142,0.696392785571142,0.75250501002004,0.732464929859719,0.866733466933868,0.797595190380762,0.911823647294589,0.718436873747495,0.910821643286573,0.712424849699399,0.775551102204409,0.774549098196393,NA,0.978957915831663,0.978957915831663,0.981963927855711,0.981963927855711,0.986973947895792,0.986973947895792
"27",1000,1,5,TRUE,0.732232232232232,0.658658658658659,0.865865865865866,0.865865865865866,0.828328328328328,0.828328328328328,0.802802802802803,0.802802802802803,0.852852852852853,0.852852852852853,0.727727727727728,0.727727727727728,0.753253253253253,0.763263263263263,0.8998998998999,0.81031031031031,0.949449449449449,0.776276276276276,0.923423423423423,0.778778778778779,0.759259259259259,0.785285285285285,NA,0.986486486486487,0.986486486486487,0.989489489489489,0.989489489489489,0.975475475475476,0.975475475475476
"28",2000,1,5,TRUE,0.667583791895948,0.62056028014007,0.8064032016008,0.8064032016008,0.775387693846924,0.775387693846924,0.830415207603802,0.830415207603802,0.815907953976988,0.815907953976988,0.779639819909955,0.779639819909955,0.72336168084042,0.724112056028014,0.844422211105553,0.767383691845923,0.918709354677339,0.723111555777889,0.899949974987494,0.721110555277639,0.699099549774888,0.768134067033517,NA,0.982991495747874,0.982991495747874,0.989244622311156,0.989244622311156,0.992996498249125,0.992996498249125
"29",100,5,5,TRUE,0.608421052631579,0.563157894736842,0.629473684210526,0.629473684210526,0.626315789473684,0.626315789473684,0.572631578947368,0.572631578947368,0.605263157894737,0.605263157894737,0.55578947368421,0.55578947368421,0.64421052631579,0.611578947368421,0.749473684210526,0.681578947368421,0.776315789473684,0.638947368421053,0.729473684210526,0.627368421052632,0.630526315789474,0.627894736842105,NA,0.758947368421053,0.758947368421053,0.772631578947368,0.772631578947368,0.782105263157895,0.782105263157895
"30",500,5,5,TRUE,0.562222222222222,0.556969696969697,0.626666666666667,0.626666666666667,0.615757575757576,0.615757575757576,0.694949494949495,0.694949494949495,0.682222222222222,0.682222222222222,0.605454545454545,0.605454545454545,0.590505050505051,0.606666666666667,0.707777777777778,0.698181818181818,0.750909090909091,0.591717171717172,0.699393939393939,0.601616161616162,0.601818181818182,0.623232323232323,NA,0.767070707070707,0.767070707070707,0.777777777777778,0.777777777777778,0.785656565656566,0.785656565656566
"31",1000,5,5,TRUE,0.636633165829146,0.611055276381909,0.704020100502513,0.704020100502513,0.677587939698493,0.677587939698493,0.725326633165829,0.725326633165829,0.747236180904523,0.747236180904523,0.672964824120603,0.672964824120603,0.639497487437186,0.654874371859296,0.776482412060302,0.716582914572864,0.806934673366834,0.654371859296482,0.751557788944724,0.661105527638191,0.656482412060301,0.672361809045226,NA,0.785226130653266,0.785226130653266,0.809045226130653,0.809045226130653,0.822211055276382,0.822211055276382
"32",2000,5,5,TRUE,0.588095238095238,0.599147869674185,0.697092731829574,0.697092731829574,0.684360902255639,0.684360902255639,0.743609022556391,0.743609022556391,0.740501253132832,0.740501253132832,0.688370927318296,0.688370927318296,0.653483709273183,0.632932330827068,0.715989974937343,0.710075187969925,0.765012531328321,0.650977443609023,0.740100250626566,0.648922305764411,0.638847117794486,0.685814536340852,NA,0.808421052631579,0.808421052631579,0.813233082706767,0.813233082706767,0.827117794486216,0.827117794486216
"33",100,10,5,TRUE,0.604444444444444,0.553333333333333,0.598888888888889,0.598888888888889,0.596666666666667,0.596666666666667,0.578611111111111,0.578611111111111,0.593333333333333,0.593333333333333,0.545555555555556,0.545555555555556,0.605,0.604166666666667,0.696111111111111,0.661944444444444,0.734722222222222,0.610833333333333,0.7,0.6,0.604444444444444,0.623611111111111,NA,0.702777777777778,0.702777777777778,0.723333333333333,0.723333333333333,0.725555555555556,0.725555555555556
"34",500,10,5,TRUE,0.601683673469388,0.590102040816326,0.660510204081633,0.660510204081633,0.653775510204082,0.653775510204082,0.711734693877551,0.711734693877551,0.696122448979592,0.696122448979592,0.655,0.655,0.648775510204082,0.633316326530612,0.751224489795918,0.704897959183673,0.782040816326531,0.645714285714286,0.741428571428571,0.634642857142857,0.642448979591837,0.651734693877551,NA,0.780408163265306,0.780408163265306,0.791122448979592,0.791122448979592,0.792959183673469,0.792959183673469
"35",1000,10,5,TRUE,0.599065656565657,0.598838383838384,0.680808080808081,0.680808080808081,0.665909090909091,0.665909090909091,0.733787878787879,0.733787878787879,0.722070707070707,0.722070707070707,0.687020202020202,0.687020202020202,0.65040404040404,0.648737373737374,0.766313131313131,0.714949494949495,0.793080808080808,0.642121212121212,0.750050505050505,0.643611111111111,0.654242424242424,0.677222222222222,NA,0.802828282828283,0.802828282828283,0.812373737373737,0.812373737373737,0.818636363636364,0.818636363636364
"36",2000,10,5,TRUE,0.582701005025126,0.586834170854271,0.701356783919598,0.701356783919598,0.682236180904523,0.682236180904523,0.749095477386935,0.749095477386935,0.751633165829146,0.751633165829146,0.707437185929648,0.707437185929648,0.641859296482412,0.643618090452261,0.767236180904523,0.700301507537688,0.790201005025126,0.644371859296482,0.754773869346734,0.649974874371859,0.650402010050251,0.661934673366834,NA,0.811356783919598,0.811356783919598,0.824623115577889,0.824623115577889,0.838115577889447,0.838115577889447
"37",100,1,7,TRUE,0.722222222222222,0.595959595959596,0.691919191919192,0.691919191919192,0.722222222222222,0.722222222222222,0.393939393939394,0.393939393939394,0.515151515151515,0.515151515151515,0.414141414141414,0.414141414141414,0.732323232323232,0.727272727272727,0.954545454545455,0.813131313131313,0.97979797979798,0.737373737373737,0.95959595959596,0.737373737373737,0.717171717171717,0.772727272727273,NA,1,1,1,1,1,1
"38",500,1,7,TRUE,0.625751503006012,0.592184368737475,0.711422845691383,0.711422845691383,0.711422845691383,0.711422845691383,0.593186372745491,0.593186372745491,0.670340681362726,0.670340681362726,0.545090180360721,0.545090180360721,0.662324649298597,0.662324649298597,0.8812625250501,0.797595190380762,0.976953907815631,0.682364729458918,0.934869739478958,0.69939879759519,0.697394789579158,0.75250501002004,NA,1,1,1,1,1,1
"39",1000,1,7,TRUE,0.651901901901902,0.634134134134134,0.816816816816817,0.816816816816817,0.804804804804805,0.804804804804805,0.775775775775776,0.775775775775776,0.790790790790791,0.790790790790791,0.618618618618619,0.618618618618619,0.757757757757758,0.790790790790791,0.943443443443443,0.745745745745746,0.985485485485486,0.75025025025025,0.974974974974975,0.756756756756757,0.747247247247247,0.77027027027027,NA,1,1,1,1,1,1
"40",2000,1,7,TRUE,0.694597298649325,0.597548774387194,0.77263631815908,0.77263631815908,0.749124562281141,0.749124562281141,0.828164082041021,0.828164082041021,0.863431715857929,0.863431715857929,0.66808404202101,0.66808404202101,0.67783891945973,0.669584792396198,0.909954977488744,0.78064032016008,0.955227613806903,0.670085042521261,0.966733366683342,0.67783891945973,0.690595297648824,0.738369184592296,NA,1,1,1,1,1,1
"41",100,5,7,TRUE,0.618947368421053,0.588421052631579,0.621052631578947,0.621052631578947,0.633684210526316,0.633684210526316,0.482105263157895,0.482105263157895,0.529473684210526,0.529473684210526,0.5,0.5,0.64578947368421,0.643157894736842,0.774736842105263,0.713157894736842,0.802105263157895,0.632631578947368,0.766315789473684,0.638947368421053,0.632105263157895,0.662105263157895,NA,0.86421052631579,0.86421052631579,0.88,0.88,0.882105263157895,0.882105263157895
"42",500,5,7,TRUE,0.676363636363636,0.585252525252525,0.67010101010101,0.67010101010101,0.67010101010101,0.67010101010101,0.606868686868687,0.606868686868687,0.71010101010101,0.71010101010101,0.552323232323232,0.552323232323232,0.646666666666667,0.65979797979798,0.795858585858586,0.743434343434343,0.847070707070707,0.652929292929293,0.815757575757576,0.644646464646465,0.647676767676768,0.67010101010101,NA,0.891515151515152,0.891515151515152,0.904848484848485,0.904848484848485,0.911717171717172,0.911717171717172
"43",1000,5,7,TRUE,0.624371859296482,0.583115577889447,0.680502512562814,0.680502512562814,0.674371859296482,0.674371859296482,0.690050251256281,0.690050251256281,0.718693467336683,0.718693467336683,0.595577889447236,0.595577889447236,0.654472361809045,0.642613065326633,0.788140703517588,0.761005025125628,0.833668341708543,0.643015075376884,0.786231155778894,0.646180904522613,0.643316582914573,0.675879396984925,NA,0.886834170854271,0.886834170854271,0.894070351758794,0.894070351758794,0.906934673366834,0.906934673366834
"44",2000,5,7,TRUE,0.630902255639098,0.596441102756892,0.690977443609023,0.690977443609023,0.677092731829574,0.677092731829574,0.742756892230577,0.742756892230577,0.739598997493734,0.739598997493734,0.633533834586466,0.633533834586466,0.636491228070175,0.636140350877193,0.764461152882206,0.693333333333333,0.808270676691729,0.642456140350877,0.789824561403509,0.65062656641604,0.646015037593985,0.667819548872181,NA,0.87874686716792,0.87874686716792,0.909022556390978,0.909022556390978,0.929122807017544,0.929122807017544
"45",100,10,7,TRUE,0.611111111111111,0.567777777777778,0.607777777777778,0.607777777777778,0.615,0.615,0.521111111111111,0.521111111111111,0.581111111111111,0.581111111111111,0.522222222222222,0.522222222222222,0.615,0.613333333333333,0.746111111111111,0.698333333333333,0.793888888888889,0.630555555555556,0.748333333333333,0.625555555555556,0.613055555555556,0.627777777777778,NA,0.786666666666667,0.786666666666667,0.809444444444444,0.809444444444444,0.819444444444444,0.819444444444444
"46",500,10,7,TRUE,0.64030612244898,0.568673469387755,0.643571428571428,0.643571428571428,0.643367346938776,0.643367346938776,0.599387755102041,0.599387755102041,0.68469387755102,0.68469387755102,0.558877551020408,0.558877551020408,0.62234693877551,0.623877551020408,0.775510204081633,0.718367346938775,0.816530612244898,0.623571428571429,0.772244897959184,0.62469387755102,0.621326530612245,0.651734693877551,NA,0.84,0.84,0.851020408163265,0.851020408163265,0.854795918367347,0.854795918367347
"47",1000,10,7,TRUE,0.613434343434343,0.571414141414141,0.658787878787879,0.658787878787879,0.650757575757576,0.650757575757576,0.697676767676768,0.697676767676768,0.719393939393939,0.719393939393939,0.587070707070707,0.587070707070707,0.62949494949495,0.618181818181818,0.780454545454546,0.733080808080808,0.825252525252525,0.617323232323232,0.775050505050505,0.624545454545455,0.625050505050505,0.642525252525252,NA,0.872676767676768,0.872676767676768,0.884242424242424,0.884242424242424,0.88949494949495,0.88949494949495
"48",2000,10,7,TRUE,0.61429648241206,0.576532663316583,0.67429648241206,0.67429648241206,0.663391959798995,0.663391959798995,0.736984924623115,0.736984924623115,0.751608040201005,0.751608040201005,0.62751256281407,0.62751256281407,0.632939698492462,0.628015075376885,0.791658291457287,0.751909547738693,0.833391959798995,0.627261306532663,0.785326633165829,0.643316582914573,0.63072864321608,0.663391959798995,NA,0.882613065326633,0.882613065326633,0.891507537688442,0.891507537688442,0.887361809045226,0.887361809045226
"49",100,1,9,TRUE,0.590909090909091,0.53030303030303,0.555555555555556,0.555555555555556,0.590909090909091,0.590909090909091,0.297979797979798,0.297979797979798,0.396464646464646,0.396464646464646,0.343434343434343,0.343434343434343,0.580808080808081,0.580808080808081,0.888888888888889,0.858585858585859,0.929292929292929,0.611111111111111,0.843434343434343,0.565656565656566,0.55050505050505,0.565656565656566,NA,1,1,1,1,1,1
"50",500,1,9,TRUE,0.74248496993988,0.576152304609219,0.69939879759519,0.69939879759519,0.716432865731463,0.716432865731463,0.496993987975952,0.496993987975952,0.681362725450902,0.681362725450902,0.508016032064128,0.508016032064128,0.669338677354709,0.678356713426854,0.916833667334669,0.74749498997996,0.976953907815631,0.676352705410822,0.930861723446894,0.675350701402806,0.68937875751503,0.696392785571142,NA,1,1,1,1,1,1
"51",1000,1,9,TRUE,0.695695695695696,0.646646646646647,0.76026026026026,0.76026026026026,0.764764764764765,0.764764764764765,0.593593593593594,0.593593593593594,0.736736736736737,0.736736736736737,0.486486486486487,0.486486486486487,0.738238238238238,0.712712712712713,0.942942942942943,0.838338338338338,0.98998998998999,0.71971971971972,0.971971971971972,0.702702702702703,0.676176176176176,0.730730730730731,NA,1,1,1,1,1,1
"52",2000,1,9,TRUE,0.709979989994997,0.581790895447724,0.754627313656828,0.754627313656828,0.748374187093547,0.748374187093547,0.7016008004002,0.7016008004002,0.78264132066033,0.78264132066033,0.479739869934968,0.479739869934968,0.686093046523262,0.7016008004002,0.930715357678839,0.850425212606303,0.983491745872936,0.68384192096048,0.958729364682341,0.660580290145073,0.67783891945973,0.745622811405703,NA,1,1,1,1,1,1
"53",100,5,9,TRUE,0.639473684210526,0.598947368421053,0.62421052631579,0.62421052631579,0.632631578947368,0.632631578947368,0.466315789473684,0.466315789473684,0.508947368421053,0.508947368421053,0.473684210526316,0.473684210526316,0.625263157894737,0.632631578947368,0.801578947368421,0.717894736842105,0.831578947368421,0.650526315789474,0.785263157894737,0.625263157894737,0.627368421052632,0.647368421052632,NA,0.922105263157895,0.922105263157895,0.934736842105263,0.934736842105263,0.928421052631579,0.928421052631579
"54",500,5,9,TRUE,0.66040404040404,0.617171717171717,0.67959595959596,0.67959595959596,0.689494949494949,0.689494949494949,0.508686868686869,0.508686868686869,0.625858585858586,0.625858585858586,0.504242424242424,0.504242424242424,0.668080808080808,0.669090909090909,0.847676767676768,0.762020202020202,0.895555555555556,0.659191919191919,0.847070707070707,0.679191919191919,0.662222222222222,0.686262626262626,NA,0.978383838383838,0.978383838383838,0.984040404040404,0.984040404040404,0.986464646464646,0.986464646464646
"55",1000,5,9,TRUE,0.664070351758794,0.59035175879397,0.682010050251256,0.682010050251256,0.683718592964824,0.683718592964824,0.575778894472362,0.575778894472362,0.665025125628141,0.665025125628141,0.513366834170854,0.513366834170854,0.657688442211055,0.653065326633166,0.823819095477387,0.780201005025126,0.883115577889447,0.653869346733668,0.827336683417085,0.648542713567839,0.650050251256281,0.674371859296482,NA,0.981809045226131,0.981809045226131,0.985427135678392,0.985427135678392,0.988241206030151,0.988241206030151
"56",2000,5,9,TRUE,0.64453634085213,0.58140350877193,0.68125313283208,0.68125313283208,0.678045112781955,0.678045112781955,0.642706766917293,0.642706766917293,0.729473684210526,0.729473684210526,0.523609022556391,0.523609022556391,0.631328320802005,0.637644110275689,0.833884711779449,0.758295739348371,0.906817042606516,0.632581453634085,0.841804511278196,0.635238095238095,0.634887218045113,0.644761904761905,NA,0.985062656641604,0.985062656641604,0.992280701754386,0.992280701754386,0.989774436090226,0.989774436090226
"57",100,10,9,TRUE,0.619444444444444,0.573888888888889,0.597777777777778,0.597777777777778,0.613333333333333,0.613333333333333,0.477777777777778,0.477777777777778,0.524444444444444,0.524444444444444,0.4975,0.4975,0.615,0.607777777777778,0.776666666666667,0.651388888888889,0.815833333333333,0.617222222222222,0.766666666666667,0.6025,0.616944444444445,0.630833333333333,NA,0.861111111111111,0.861111111111111,0.875,0.875,0.882777777777778,0.882777777777778
"58",500,10,9,TRUE,0.6375,0.585204081632653,0.645510204081633,0.645510204081633,0.654285714285714,0.654285714285714,0.510714285714286,0.510714285714286,0.641224489795918,0.641224489795918,0.507244897959184,0.507244897959184,0.644387755102041,0.63530612244898,0.809387755102041,0.733163265306122,0.864081632653061,0.64030612244898,0.807244897959184,0.631530612244898,0.637040816326531,0.665510204081633,NA,0.918673469387755,0.918673469387755,0.933979591836735,0.933979591836735,0.938877551020408,0.938877551020408
"59",1000,10,9,TRUE,0.611439393939394,0.551060606060606,0.628787878787879,0.628787878787879,0.632121212121212,0.632121212121212,0.538585858585859,0.538585858585859,0.685050505050505,0.685050505050505,0.511313131313131,0.511313131313131,0.605151515151515,0.607272727272727,0.812777777777778,0.73020202020202,0.865505050505051,0.607272727272727,0.803888888888889,0.60979797979798,0.607828282828283,0.629040404040404,NA,0.917777777777778,0.917777777777778,0.923282828282828,0.923282828282828,0.92469696969697,0.92469696969697
"60",2000,10,9,TRUE,0.641645728643216,0.567110552763819,0.658140703517588,0.658140703517588,0.654095477386935,0.654095477386935,0.626507537688442,0.626507537688442,0.733417085427136,0.733417085427136,0.532110552763819,0.532110552763819,0.621482412060302,0.614773869346734,0.808354271356784,0.764396984924623,0.879371859296482,0.614371859296482,0.81927135678392,0.629020100502513,0.622462311557789,0.648592964824121,NA,0.941733668341709,0.941733668341709,0.949949748743719,0.949949748743719,0.953643216080402,0.953643216080402
"61",100,1,11,TRUE,0.656565656565657,0.52020202020202,0.601010101010101,0.601010101010101,0.606060606060606,0.606060606060606,0.252525252525253,0.252525252525253,0.335858585858586,0.335858585858586,0.303030303030303,0.303030303030303,0.611111111111111,0.626262626262626,0.944444444444444,0.828282828282828,0.96969696969697,0.595959595959596,0.888888888888889,0.641414141414141,0.606060606060606,0.621212121212121,NA,1,1,1,1,1,1
"62",500,1,11,TRUE,0.709418837675351,0.67935871743487,0.753507014028056,0.753507014028056,0.781563126252505,0.781563126252505,0.399799599198397,0.399799599198397,0.632264529058116,0.632264529058116,0.377755511022044,0.377755511022044,0.744488977955912,0.751503006012024,0.940881763527054,0.866733466933868,0.987975951903808,0.74749498997996,0.979959919839679,0.727454909819639,0.745490981963928,0.769539078156313,NA,1,1,1,1,1,1
"63",1000,1,11,TRUE,0.621871871871872,0.553553553553554,0.654154154154154,0.654154154154154,0.679179179179179,0.679179179179179,0.362362362362362,0.362362362362362,0.58008008008008,0.58008008008008,0.362362362362362,0.362362362362362,0.626626626626627,0.646646646646647,0.965965965965966,0.845345345345345,0.995495495495496,0.601601601601602,0.978478478478479,0.631631631631632,0.628128128128128,0.632632632632633,NA,1,1,1,1,1,1
"64",2000,1,11,TRUE,0.705977988994497,0.622061030515258,0.697098549274637,0.697098549274637,0.702101050525263,0.702101050525263,0.440970485242621,0.440970485242621,0.743371685842921,0.743371685842921,0.3951975987994,0.3951975987994,0.643821910955478,0.64232116058029,0.962231115557779,0.894947473736868,0.991995997999,0.631565782891446,0.978739369684842,0.633066533266633,0.66408204102051,0.680840420210105,NA,1,1,1,1,1,1
"65",100,5,11,TRUE,0.608421052631579,0.542105263157895,0.583157894736842,0.583157894736842,0.603157894736842,0.603157894736842,0.384210526315789,0.384210526315789,0.458947368421053,0.458947368421053,0.431578947368421,0.431578947368421,0.608947368421053,0.610526315789474,0.82,0.782105263157895,0.861052631578947,0.605263157894737,0.789473684210526,0.609473684210526,0.603157894736842,0.633684210526316,NA,0.949473684210526,0.949473684210526,0.961052631578947,0.961052631578947,0.963157894736842,0.963157894736842
"66",500,5,11,TRUE,0.657272727272727,0.583636363636364,0.634949494949495,0.634949494949495,0.645858585858586,0.645858585858586,0.395151515151515,0.395151515151515,0.568888888888889,0.568888888888889,0.416565656565657,0.416565656565657,0.645656565656566,0.641010101010101,0.834343434343434,0.784848484848485,0.894343434343434,0.632727272727273,0.841010101010101,0.634747474747475,0.641818181818182,0.657171717171717,NA,0.987474747474748,0.987474747474748,0.993939393939394,0.993939393939394,0.992929292929293,0.992929292929293
"67",1000,5,11,TRUE,0.643467336683417,0.565527638190955,0.634673366834171,0.634673366834171,0.643517587939699,0.643517587939699,0.426030150753769,0.426030150753769,0.598291457286432,0.598291457286432,0.426030150753769,0.426030150753769,0.614773869346734,0.621909547738693,0.858793969849246,0.780653266331658,0.916884422110553,0.611356783919598,0.845527638190955,0.614070351758794,0.613266331658291,0.637185929648241,NA,0.991356783919598,0.991356783919598,0.992964824120603,0.992964824120603,0.993065326633166,0.993065326633166
"68",2000,5,11,TRUE,0.659699248120301,0.567418546365915,0.660601503759399,0.660601503759399,0.664461152882206,0.664461152882206,0.482857142857143,0.482857142857143,0.689072681704261,0.689072681704261,0.444461152882206,0.444461152882206,0.621604010025063,0.632431077694236,0.861503759398496,0.764160401002506,0.922907268170426,0.614786967418546,0.860200501253133,0.633233082706767,0.633132832080201,0.656691729323308,NA,0.994085213032581,0.994085213032581,0.996842105263158,0.996842105263158,0.995538847117794,0.995538847117794
"69",100,10,11,TRUE,0.608055555555556,0.56,0.592777777777778,0.592777777777778,0.600555555555556,0.600555555555556,0.445,0.445,0.484166666666667,0.484166666666667,0.470277777777778,0.470277777777778,0.595,0.5975,0.788888888888889,0.709444444444444,0.826666666666667,0.613333333333333,0.762777777777778,0.603333333333333,0.598888888888889,0.601944444444444,NA,0.917222222222222,0.917222222222222,0.926666666666667,0.926666666666667,0.925555555555556,0.925555555555556
"70",500,10,11,TRUE,0.650051020408163,0.573469387755102,0.625612244897959,0.625612244897959,0.640102040816326,0.640102040816326,0.430816326530612,0.430816326530612,0.583979591836735,0.583979591836735,0.440204081632653,0.440204081632653,0.626020408163265,0.627959183673469,0.81734693877551,0.766938775510204,0.894081632653061,0.621530612244898,0.831122448979592,0.625714285714286,0.632448979591837,0.636530612244898,NA,0.96469387755102,0.96469387755102,0.973979591836735,0.973979591836735,0.968877551020408,0.968877551020408
"71",1000,10,11,TRUE,0.64050505050505,0.566919191919192,0.622878787878788,0.622878787878788,0.628939393939394,0.628939393939394,0.447373737373737,0.447373737373737,0.632146464646465,0.632146464646465,0.447373737373737,0.447373737373737,0.614949494949495,0.611262626262626,0.831414141414141,0.753484848484848,0.904747474747475,0.603535353535353,0.835808080808081,0.607878787878788,0.607474747474748,0.633434343434343,NA,0.96469696969697,0.96469696969697,0.973787878787879,0.973787878787879,0.973888888888889,0.973888888888889
"72",2000,10,11,TRUE,0.649623115577889,0.589974874371859,0.67394472361809,0.67394472361809,0.676708542713568,0.676708542713568,0.501582914572864,0.501582914572864,0.709221105527638,0.709221105527638,0.465502512562814,0.465502512562814,0.641984924623116,0.641959798994975,0.828040201005025,0.758040201005025,0.909572864321608,0.637788944723618,0.865276381909548,0.634974874371859,0.636306532663317,0.663065326633166,NA,0.972386934673367,0.972386934673367,0.979974874371859,0.979974874371859,0.981356783919598,0.981356783919598
"73",100,1,17,TRUE,0.666666666666667,0.631313131313131,0.666666666666667,0.666666666666667,0.661616161616162,0.661616161616162,0.121212121212121,0.121212121212121,0.363636363636364,0.363636363636364,0.353535353535354,0.353535353535354,0.666666666666667,0.671717171717172,0.944444444444444,0.878787878787879,0.97979797979798,0.666666666666667,0.929292929292929,0.686868686868687,0.681818181818182,0.707070707070707,NA,NA,NA,NA,NA,NA,NA
"74",500,1,17,TRUE,0.679859719438878,0.594188376753507,0.62124248496994,0.62124248496994,0.625250501002004,0.625250501002004,0.269539078156313,0.269539078156313,0.326653306613226,0.326653306613226,0.321643286573146,0.321643286573146,0.607214428857715,0.64128256513026,0.934869739478958,0.829659318637274,0.99498997995992,0.614228456913828,0.965931863727455,0.618236472945892,0.628256513026052,0.646292585170341,NA,1,1,1,1,1,1
"75",1000,1,17,TRUE,0.682182182182182,0.560560560560561,0.681181181181181,0.681181181181181,0.695695695695696,0.695695695695696,0.285285285285285,0.285285285285285,0.352352352352352,0.352352352352352,0.301301301301301,0.301301301301301,0.65965965965966,0.655655655655656,0.922922922922923,0.877377377377377,0.991991991991992,0.654154154154154,0.96996996996997,0.657657657657658,0.654154154154154,0.689189189189189,NA,1,1,1,1,1,1
"76",2000,1,17,TRUE,0.717983991995998,0.564782391195598,0.673586793396698,0.673586793396698,0.67783891945973,0.67783891945973,0.268884442221111,0.268884442221111,0.430965482741371,0.430965482741371,0.25687843921961,0.25687843921961,0.647323661830915,0.627813906953477,0.929964982491246,0.850675337668834,0.997748874437219,0.617058529264632,0.980740370185093,0.616308154077039,0.601300650325163,0.664582291145573,NA,1,1,1,1,1,1
"77",100,5,17,TRUE,0.631578947368421,0.575789473684211,0.597894736842105,0.597894736842105,0.612631578947368,0.612631578947368,0.277894736842105,0.277894736842105,0.435263157894737,0.435263157894737,0.409473684210526,0.409473684210526,0.628421052631579,0.609473684210526,0.832631578947368,0.726315789473684,0.877368421052632,0.60421052631579,0.806315789473684,0.622631578947368,0.613684210526316,0.611578947368421,NA,NA,NA,NA,NA,NA,NA
"78",500,5,17,TRUE,0.651212121212121,0.577979797979798,0.617777777777778,0.617777777777778,0.627474747474748,0.627474747474748,0.336565656565657,0.336565656565657,0.434949494949495,0.434949494949495,0.352727272727273,0.352727272727273,0.61050505050505,0.620808080808081,0.863232323232323,0.786060606060606,0.965252525252525,0.616969696969697,0.911919191919192,0.635757575757576,0.634343434343434,0.635959595959596,NA,1,1,1,1,1,1
"79",1000,5,17,TRUE,0.627989949748744,0.547939698492462,0.584422110552764,0.584422110552764,0.590954773869347,0.590954773869347,0.310251256281407,0.310251256281407,0.42964824120603,0.42964824120603,0.318894472361809,0.318894472361809,0.583517587939699,0.577386934673367,0.885125628140704,0.784221105527638,0.962613065326633,0.572361809045226,0.888743718592965,0.569447236180905,0.577889447236181,0.591055276381909,NA,1,1,1,1,1,1
"80",2000,5,17,TRUE,0.662581453634085,0.558145363408521,0.630275689223058,0.630275689223058,0.632832080200501,0.632832080200501,0.31047619047619,0.31047619047619,0.484511278195489,0.484511278195489,0.329974937343358,0.329974937343358,0.606616541353383,0.600300751879699,0.867869674185464,0.79874686716792,0.970526315789474,0.603609022556391,0.906666666666667,0.606015037593985,0.605814536340852,0.621503759398496,NA,1,1,1,1,1,1
"81",100,10,17,TRUE,0.616666666666667,0.541666666666667,0.571111111111111,0.571111111111111,0.581111111111111,0.581111111111111,0.328333333333333,0.328333333333333,0.441666666666667,0.441666666666667,0.428888888888889,0.428888888888889,0.581388888888889,0.586388888888889,0.795833333333333,0.711666666666667,0.868611111111111,0.583888888888889,0.787777777777778,0.584722222222222,0.596666666666667,0.582777777777778,NA,NA,NA,NA,NA,NA,NA
"82",500,10,17,TRUE,0.615204081632653,0.572551020408163,0.612551020408163,0.612551020408163,0.62,0.62,0.337551020408163,0.337551020408163,0.429795918367347,0.429795918367347,0.37030612244898,0.37030612244898,0.618367346938775,0.608163265306122,0.856734693877551,0.786938775510204,0.946530612244898,0.608673469387755,0.858775510204082,0.607959183673469,0.607448979591837,0.63,NA,0.999591836734694,0.999591836734694,0.999795918367347,0.999795918367347,0.999591836734694,0.999591836734694
"83",1000,10,17,TRUE,0.635681818181818,0.569090909090909,0.621313131313131,0.621313131313131,0.627777777777778,0.627777777777778,0.351212121212121,0.351212121212121,0.467929292929293,0.467929292929293,0.359191919191919,0.359191919191919,0.607929292929293,0.607626262626263,0.846666666666667,0.769292929292929,0.950252525252525,0.604949494949495,0.875,0.610858585858586,0.616161616161616,0.624040404040404,NA,0.999848484848485,0.999848484848485,0.99989898989899,0.99989898989899,0.999848484848485,0.999848484848485
"84",2000,10,17,TRUE,0.650904522613065,0.572286432160804,0.63391959798995,0.63391959798995,0.636507537688442,0.636507537688442,0.332085427135678,0.332085427135678,0.517286432160804,0.517286432160804,0.343492462311558,0.343492462311558,0.615628140703518,0.609120603015075,0.863165829145729,0.79429648241206,0.957989949748744,0.607939698492462,0.884798994974874,0.614522613065327,0.60929648241206,0.631733668341709,NA,0.999899497487437,0.999899497487437,0.999974874371859,0.999974874371859,0.999949748743719,0.999949748743719
"85",100,1,2,FALSE,0.686868686868687,0.686868686868687,0.611111111111111,0.611111111111111,0.671717171717172,0.671717171717172,0.606060606060606,0.606060606060606,0.446969696969697,0.446969696969697,0.525252525252525,0.525252525252525,0.570707070707071,0.626262626262626,0.5,0.5,NA,0.702020202020202,NA,0.565656565656566,0.590909090909091,0.621212121212121,0.686868686868687,0.686868686868687,0.686868686868687,0.686868686868687,0.686868686868687,0.686868686868687,0.686868686868687
"86",500,1,2,FALSE,0.713426853707415,0.713426853707415,0.713426853707415,0.713426853707415,0.670340681362726,0.670340681362726,0.501002004008016,0.501002004008016,0.57064128256513,0.57064128256513,0.705410821643287,0.705410821643287,0.715430861723447,0.741482965931864,0.5,0.5,NA,0.685370741482966,NA,0.691382765531062,0.673346693386774,0.695390781563126,0.713426853707415,0.713426853707415,0.713426853707415,0.713426853707415,0.713426853707415,0.713426853707415,0.713426853707415
"87",1000,1,2,FALSE,0.570570570570571,0.576076076076076,0.583583583583584,0.583583583583584,0.576576576576577,0.576576576576577,0.492992992992993,0.492992992992993,0.51976976976977,0.51976976976977,0.544294294294294,0.544294294294294,0.608608608608609,0.538038038038038,0.5,0.5,NA,0.544794794794795,NA,0.554054054054054,0.646146146146146,0.516016016016016,0.575075075075075,0.575075075075075,0.575075075075075,0.575075075075075,0.575075075075075,0.575075075075075,0.575075075075075
"88",2000,1,2,FALSE,0.72736368184092,0.728114057028514,0.704602301150575,0.704602301150575,0.726613306653327,0.726613306653327,0.440220110055027,0.440220110055027,0.468734367183592,0.468734367183592,0.640945472736368,0.640945472736368,0.568534267133567,0.688094047023512,0.5,0.5,NA,0.703726863431716,NA,0.660330165082541,0.67983991995998,0.670585292646323,0.728864432216108,0.728114057028514,0.728114057028514,0.728114057028514,0.728114057028514,0.728114057028514,0.728114057028514
"89",100,5,2,FALSE,0.572631578947368,0.571578947368421,0.588947368421053,0.588947368421053,0.588421052631579,0.588421052631579,0.521052631578947,0.521052631578947,0.527368421052632,0.527368421052632,0.547368421052632,0.547368421052632,0.543684210526316,0.562631578947368,0.5,0.5,NA,0.577368421052632,NA,0.556842105263158,0.565789473684211,0.572631578947368,0.571578947368421,0.572631578947368,0.572631578947368,0.572631578947368,0.572631578947368,0.572631578947368,0.572631578947368
"90",500,5,2,FALSE,0.608080808080808,0.608282828282828,0.607272727272727,0.607272727272727,0.611111111111111,0.611111111111111,0.505555555555556,0.505555555555556,0.481313131313131,0.481313131313131,0.576565656565657,0.576565656565657,0.580606060606061,0.60949494949495,0.5,0.5,NA,0.616666666666667,NA,0.60969696969697,0.587878787878788,0.617979797979798,0.608686868686869,0.608484848484849,0.608484848484849,0.608484848484849,0.608484848484849,0.608484848484849,0.608484848484849
"91",1000,5,2,FALSE,0.629748743718593,0.629949748743719,0.63678391959799,0.63678391959799,0.635979899497487,0.635979899497487,0.521306532663317,0.521306532663317,0.490603015075377,0.490603015075377,0.582562814070352,0.582562814070352,0.605326633165829,0.606030150753769,0.5,0.5,NA,0.649849246231156,NA,0.609145728643216,0.588140703517588,0.592462311557789,0.630050251256281,0.630150753768844,0.630150753768844,0.630150753768844,0.630150753768844,0.630150753768844,0.630150753768844
"92",2000,5,2,FALSE,0.569899749373434,0.569824561403509,0.574035087719298,0.574035087719298,0.571177944862155,0.571177944862155,0.453934837092732,0.453934837092732,0.463558897243108,0.463558897243108,0.562330827067669,0.562330827067669,0.581704260651629,0.581303258145363,0.5,0.5,NA,0.576315789473684,NA,0.569473684210526,0.54952380952381,0.583007518796993,0.569824561403509,0.569924812030075,0.569924812030075,0.569924812030075,0.569924812030075,0.569924812030075,0.569924812030075
"93",100,10,2,FALSE,0.586111111111111,0.586111111111111,0.582777777777778,0.582777777777778,0.586111111111111,0.586111111111111,0.498611111111111,0.498611111111111,0.505277777777778,0.505277777777778,0.526388888888889,0.526388888888889,0.576388888888889,0.561944444444444,0.5,0.5,NA,0.579166666666667,NA,0.59,0.574722222222222,0.576111111111111,0.585555555555556,0.584444444444445,0.584444444444445,0.584444444444445,0.584444444444445,0.584444444444445,0.584444444444445
"94",500,10,2,FALSE,0.581173469387755,0.581632653061224,0.589897959183673,0.589897959183673,0.572755102040816,0.572755102040816,0.513979591836735,0.513979591836735,0.487857142857143,0.487857142857143,0.546632653061224,0.546632653061224,0.586224489795918,0.560918367346939,0.5,0.5,NA,0.569438775510204,NA,0.575408163265306,0.58234693877551,0.582448979591837,0.581734693877551,0.581530612244898,0.581530612244898,0.581530612244898,0.581530612244898,0.581530612244898,0.581530612244898
"95",1000,10,2,FALSE,0.579065656565657,0.579343434343434,0.566313131313131,0.566313131313131,0.579090909090909,0.579090909090909,0.491590909090909,0.491590909090909,0.459974747474747,0.459974747474747,0.575025252525253,0.575025252525253,0.564343434343434,0.578232323232323,0.5,0.5,NA,0.574393939393939,NA,0.569393939393939,0.560656565656566,0.568585858585859,0.579343434343434,0.579040404040404,0.579040404040404,0.579040404040404,0.579040404040404,0.579040404040404,0.579040404040404
"96",2000,10,2,FALSE,0.594020100502513,0.595577889447236,0.607236180904523,0.607236180904523,0.596005025125628,0.596005025125628,0.466884422110553,0.466884422110553,0.465464824120603,0.465464824120603,0.56679648241206,0.56679648241206,0.599246231155779,0.59786432160804,0.5,0.5,NA,0.589522613065327,NA,0.598969849246231,0.61143216080402,0.600477386934673,0.595577889447236,0.595552763819095,0.595552763819095,0.595552763819095,0.595552763819095,0.595552763819095,0.595552763819095
"97",100,1,3,FALSE,0.661616161616162,0.651515151515152,0.681818181818182,0.681818181818182,0.686868686868687,0.686868686868687,0.646464646464647,0.646464646464647,0.621212121212121,0.621212121212121,0.707070707070707,0.707070707070707,0.691919191919192,0.659090909090909,0.664141414141414,0.646464646464646,0.712121212121212,0.676767676767677,0.691919191919192,0.691919191919192,0.651515151515152,0.78030303030303,NA,0.808080808080808,0.808080808080808,0.828282828282828,0.828282828282828,0.833333333333333,0.833333333333333
"98",500,1,3,FALSE,0.62625250501002,0.632264529058116,0.75250501002004,0.75250501002004,0.735470941883767,0.735470941883767,0.678356713426854,0.678356713426854,0.678356713426854,0.678356713426854,0.748496993987976,0.748496993987976,0.710420841683367,0.683366733466934,0.670340681362726,0.698396793587174,0.832665330661323,0.732464929859719,0.773547094188377,0.723446893787575,0.695390781563126,0.769539078156313,NA,0.869739478957916,0.869739478957916,0.864729458917836,0.864729458917836,0.871743486973948,0.871743486973948
"99",1000,1,3,FALSE,0.648648648648649,0.72022022022022,0.783283283283283,0.783283283283283,0.8003003003003,0.8003003003003,0.796796796796797,0.796796796796797,0.796796796796797,0.796796796796797,0.839339339339339,0.839339339339339,0.782782782782783,0.801801801801802,0.827327327327327,0.664164164164164,0.872872872872873,0.800800800800801,0.8003003003003,0.75025025025025,0.762762762762763,0.745745745745746,NA,0.798298298298298,0.798298298298298,0.820820820820821,0.820820820820821,0.792792792792793,0.792792792792793
"100",2000,1,3,FALSE,0.641320660330165,0.683091545772886,0.755127563781891,0.755127563781891,0.755627813906953,0.755627813906953,0.702101050525263,0.702101050525263,0.702101050525263,0.702101050525263,0.776138069034517,0.776138069034517,0.716358179089545,0.729864932466233,0.866433216608304,0.675337668834417,0.836918459229615,0.753626813406703,0.831165582791396,0.683341670835418,0.766133066533267,0.762381190595298,NA,0.798649324662331,0.798649324662331,0.798649324662331,0.798649324662331,0.78664332166083,0.78664332166083
"101",100,5,3,FALSE,0.574736842105263,0.591578947368421,0.615789473684211,0.615789473684211,0.62,0.62,0.571052631578947,0.571052631578947,0.585789473684211,0.585789473684211,0.593684210526316,0.593684210526316,0.609473684210526,0.657368421052632,0.634210526315789,0.573684210526316,0.642105263157895,0.621578947368421,0.625263157894737,0.611578947368421,0.607368421052632,0.607368421052632,NA,0.657894736842105,0.657894736842105,0.664210526315789,0.664210526315789,0.647368421052632,0.647368421052632
"102",500,5,3,FALSE,0.532727272727273,0.594343434343434,0.621818181818182,0.621818181818182,0.61010101010101,0.61010101010101,0.603636363636364,0.603636363636364,0.603636363636364,0.603636363636364,0.618888888888889,0.618888888888889,0.607070707070707,0.602424242424242,0.632727272727273,0.555252525252525,0.646666666666667,0.606262626262626,0.621616161616162,0.616363636363636,0.606464646464646,0.613939393939394,NA,0.634141414141414,0.634141414141414,0.633131313131313,0.633131313131313,0.626666666666667,0.626666666666667
"103",1000,5,3,FALSE,0.574170854271357,0.623316582914573,0.694874371859296,0.694874371859296,0.68964824120603,0.68964824120603,0.647638190954774,0.647638190954774,0.647638190954774,0.647638190954774,0.695778894472362,0.695778894472362,0.658090452261306,0.663015075376884,0.708040201005025,0.593668341708543,0.71321608040201,0.666030150753769,0.697085427135678,0.654824120603015,0.666683417085427,0.637889447236181,NA,0.706834170854271,0.706834170854271,0.718994974874372,0.718994974874372,0.709849246231156,0.709849246231156
"104",2000,5,3,FALSE,0.55280701754386,0.581553884711779,0.629674185463659,0.629674185463659,0.622205513784461,0.622205513784461,0.633533834586466,0.633533834586466,0.633533834586466,0.633533834586466,0.659774436090226,0.659774436090226,0.621303258145363,0.6,0.643408521303258,0.596140350877193,0.653032581453634,0.612581453634085,0.642155388471178,0.604711779448622,0.62796992481203,0.622456140350877,NA,0.651428571428571,0.651428571428571,0.661152882205514,0.661152882205514,0.67719298245614,0.67719298245614
"105",100,10,3,FALSE,0.581111111111111,0.582777777777778,0.621111111111111,0.621111111111111,0.616111111111111,0.616111111111111,0.606111111111111,0.606111111111111,0.605,0.605,0.6,0.6,0.612222222222222,0.618333333333333,0.644444444444444,0.569722222222222,0.65,0.612222222222222,0.631666666666667,0.61,0.61,0.604166666666667,NA,0.636666666666667,0.636666666666667,0.642222222222222,0.642222222222222,0.632777777777778,0.632777777777778
"106",500,10,3,FALSE,0.550204081632653,0.603571428571429,0.653469387755102,0.653469387755102,0.649081632653061,0.649081632653061,0.636224489795918,0.636224489795918,0.636224489795918,0.636224489795918,0.633367346938775,0.633367346938775,0.628979591836735,0.630969387755102,0.666836734693877,0.582551020408163,0.676530612244898,0.636224489795918,0.651530612244898,0.623775510204082,0.635,0.61530612244898,NA,0.65530612244898,0.65530612244898,0.659081632653061,0.659081632653061,0.663163265306122,0.663163265306122
"107",1000,10,3,FALSE,0.571489898989899,0.581969696969697,0.631515151515151,0.631515151515151,0.625555555555556,0.625555555555556,0.648964646464646,0.648964646464646,0.648964646464646,0.648964646464646,0.636439393939394,0.636439393939394,0.604646464646465,0.620883838383838,0.659393939393939,0.586010101010101,0.668030303030303,0.633232323232323,0.645757575757576,0.615429292929293,0.602676767676768,0.620353535353535,NA,0.650454545454545,0.650454545454545,0.652020202020202,0.652020202020202,0.651919191919192,0.651919191919192
"108",2000,10,3,FALSE,0.578706030150754,0.573542713567839,0.621507537688442,0.621507537688442,0.612185929648241,0.612185929648241,0.631884422110553,0.631884422110553,0.631884422110553,0.631884422110553,0.65001256281407,0.65001256281407,0.597663316582915,0.605979899497487,0.633844221105528,0.594949748743719,0.650100502512563,0.607110552763819,0.62394472361809,0.611030150753769,0.623090452261307,0.604773869346734,NA,0.624447236180904,0.624447236180904,0.634170854271357,0.634170854271357,0.63105527638191,0.63105527638191
"109",100,1,5,FALSE,0.671717171717172,0.545454545454545,0.631313131313131,0.631313131313131,0.626262626262626,0.626262626262626,0.601010101010101,0.601010101010101,0.606060606060606,0.606060606060606,0.545454545454545,0.545454545454545,0.646464646464647,0.666666666666667,0.838383838383838,0.737373737373737,0.878787878787879,0.651515151515152,0.818181818181818,0.686868686868687,0.656565656565657,0.691919191919192,NA,0.954545454545455,0.954545454545455,0.964646464646465,0.964646464646465,0.96969696969697,0.96969696969697
"110",500,1,5,FALSE,0.653306613226453,0.659318637274549,0.791583166332665,0.791583166332665,0.781563126252505,0.781563126252505,0.741482965931864,0.741482965931864,0.740480961923848,0.740480961923848,0.770541082164329,0.770541082164329,0.718436873747495,0.751503006012024,0.910821643286573,0.794589178356713,0.93687374749499,0.7625250501002,0.912825651302605,0.744488977955912,0.771543086172345,0.799599198396794,NA,0.991983967935872,0.991983967935872,0.992985971943888,0.992985971943888,0.992985971943888,0.992985971943888
"111",1000,1,5,FALSE,0.75975975975976,0.721721721721722,0.825825825825826,0.825825825825826,0.803303303303303,0.803303303303303,0.870870870870871,0.870870870870871,0.883883883883884,0.883883883883884,0.830830830830831,0.830830830830831,0.794294294294294,0.797297297297297,0.883383383383383,0.848848848848849,0.964964964964965,0.811811811811812,0.940940940940941,0.765265265265265,0.776776776776777,0.813313313313313,NA,0.986986986986987,0.986986986986987,0.990490490490491,0.990490490490491,0.993993993993994,0.993993993993994
"112",2000,1,5,FALSE,0.693221610805403,0.655327663831916,0.829414707353677,0.829414707353677,0.794147073536768,0.794147073536768,0.900700350175088,0.900700350175088,0.891195597798899,0.891195597798899,0.878189094547274,0.878189094547274,0.666583291645823,0.696848424212106,0.93471735867934,0.7943971985993,0.95447723861931,0.754377188594297,0.932966483241621,0.728364182091046,0.720860430215108,0.761880940470235,NA,0.993746873436718,0.993746873436718,0.995747873936969,0.995747873936969,0.996748374187093,0.996748374187093
"113",100,5,5,FALSE,0.634736842105263,0.626315789473684,0.658947368421053,0.658947368421053,0.656842105263158,0.656842105263158,0.582105263157895,0.582105263157895,0.626315789473684,0.626315789473684,0.58,0.58,0.648421052631579,0.648947368421053,0.763684210526316,0.670526315789474,0.772105263157895,0.660526315789474,0.732631578947368,0.642631578947368,0.647368421052632,0.669473684210526,NA,0.774736842105263,0.774736842105263,0.783157894736842,0.783157894736842,0.794736842105263,0.794736842105263
"114",500,5,5,FALSE,0.60030303030303,0.566666666666667,0.66040404040404,0.66040404040404,0.643232323232323,0.643232323232323,0.658181818181818,0.658181818181818,0.675959595959596,0.675959595959596,0.598787878787879,0.598787878787879,0.615151515151515,0.622828282828283,0.718585858585859,0.704242424242424,0.766464646464647,0.625656565656566,0.711717171717172,0.624242424242424,0.611919191919192,0.643434343434343,NA,0.779191919191919,0.779191919191919,0.798181818181818,0.798181818181818,0.807474747474747,0.807474747474747
"115",1000,5,5,FALSE,0.604522613065327,0.58713567839196,0.695477386934673,0.695477386934673,0.674070351758794,0.674070351758794,0.720904522613065,0.720904522613065,0.711758793969849,0.711758793969849,0.659899497487437,0.659899497487437,0.641105527638191,0.638994974874372,0.743417085427136,0.692562814070352,0.806934673366834,0.63748743718593,0.769748743718593,0.645025125628141,0.644924623115578,0.676281407035176,NA,0.809045226130653,0.809045226130653,0.818894472361809,0.818894472361809,0.839497487437186,0.839497487437186
"116",2000,5,5,FALSE,0.620952380952381,0.612982456140351,0.708020050125313,0.708020050125313,0.692781954887218,0.692781954887218,0.737694235588972,0.737694235588972,0.707769423558897,0.707769423558897,0.715789473684211,0.715789473684211,0.665964912280702,0.671729323308271,0.750075187969925,0.697142857142857,0.78781954887218,0.671077694235589,0.77203007518797,0.685137844611529,0.674185463659148,0.685614035087719,NA,0.816842105263158,0.816842105263158,0.824611528822055,0.824611528822055,0.834486215538847,0.834486215538847
"117",100,10,5,FALSE,0.593611111111111,0.571666666666667,0.643333333333333,0.643333333333333,0.642777777777778,0.642777777777778,0.585,0.585,0.586666666666667,0.586666666666667,0.555,0.555,0.639166666666667,0.635555555555556,0.731111111111111,0.670833333333333,0.731666666666667,0.6475,0.717222222222222,0.633888888888889,0.641111111111111,0.643888888888889,NA,0.73,0.73,0.746666666666667,0.746666666666667,0.755555555555556,0.755555555555556
"118",500,10,5,FALSE,0.60219387755102,0.596530612244898,0.675510204081633,0.675510204081633,0.665102040816327,0.665102040816327,0.694591836734694,0.694591836734694,0.694183673469388,0.694183673469388,0.624183673469388,0.624183673469388,0.64265306122449,0.645204081632653,0.734285714285714,0.664744897959184,0.771020408163265,0.643673469387755,0.73969387755102,0.643265306122449,0.64030612244898,0.663673469387755,NA,0.773163265306122,0.773163265306122,0.785102040816327,0.785102040816327,0.792551020408163,0.792551020408163
"119",1000,10,5,FALSE,0.58489898989899,0.586767676767677,0.674949494949495,0.674949494949495,0.659848484848485,0.659848484848485,0.728535353535354,0.728535353535354,0.718939393939394,0.718939393939394,0.698484848484848,0.698484848484848,0.643181818181818,0.645606060606061,0.742424242424242,0.699343434343434,0.773333333333333,0.641919191919192,0.738434343434343,0.642070707070707,0.638181818181818,0.666262626262626,NA,0.782525252525253,0.782525252525253,0.788131313131313,0.788131313131313,0.800656565656566,0.800656565656566
"120",2000,10,5,FALSE,0.603517587939699,0.592085427135678,0.69856783919598,0.69856783919598,0.685150753768844,0.685150753768844,0.762537688442211,0.762537688442211,0.751658291457286,0.751658291457286,0.700829145728643,0.700829145728643,0.649597989949749,0.645477386934673,0.760653266331658,0.694874371859296,0.783241206030151,0.644673366834171,0.744045226130653,0.639623115577889,0.654974874371859,0.678040201005025,NA,0.801180904522613,0.801180904522613,0.816834170854271,0.816834170854271,0.832361809045226,0.832361809045226
"121",100,1,7,FALSE,0.717171717171717,0.611111111111111,0.737373737373737,0.737373737373737,0.752525252525253,0.752525252525253,0.429292929292929,0.429292929292929,0.515151515151515,0.515151515151515,0.444444444444444,0.444444444444444,0.732323232323232,0.702020202020202,0.924242424242424,0.825757575757576,0.94949494949495,0.742424242424242,0.929292929292929,0.696969696969697,0.732323232323232,0.767676767676768,NA,1,1,1,1,1,1
"122",500,1,7,FALSE,0.756513026052104,0.646292585170341,0.781563126252505,0.781563126252505,0.779559118236473,0.779559118236473,0.704408817635271,0.704408817635271,0.80561122244489,0.80561122244489,0.532064128256513,0.532064128256513,0.725450901803607,0.734468937875752,0.940881763527054,0.817635270541082,0.980961923847695,0.765531062124248,0.953907815631262,0.773547094188377,0.750501002004008,0.813627254509018,NA,1,1,1,1,1,1
"123",1000,1,7,FALSE,0.762262262262262,0.704704704704705,0.836336336336336,0.836336336336336,0.825825825825826,0.825825825825826,0.818818818818819,0.818818818818819,0.746246246246246,0.746246246246246,0.685185185185185,0.685185185185185,0.784784784784785,0.79029029029029,0.914414414414414,0.837337337337337,0.990990990990991,0.768768768768769,0.977477477477477,0.764264264264264,0.776276276276276,0.8003003003003,NA,1,1,1,1,1,1
"124",2000,1,7,FALSE,0.617433716858429,0.579789894947474,0.77463731865933,0.77463731865933,0.752126063031516,0.752126063031516,0.793396698349174,0.793396698349174,0.808904452226113,0.808904452226113,0.579289644822411,0.579289644822411,0.658454227113557,0.64432216108054,0.906203101550775,0.821160580290145,0.954977488744372,0.667583791895948,0.897448724362181,0.689594797398699,0.657828914457229,0.700100050025013,NA,0.999499749874938,0.999499749874938,1,1,1,1
"125",100,5,7,FALSE,0.617894736842105,0.58421052631579,0.634736842105263,0.634736842105263,0.649473684210526,0.649473684210526,0.486315789473684,0.486315789473684,0.542631578947368,0.542631578947368,0.490526315789474,0.490526315789474,0.667368421052632,0.657368421052632,0.794210526315789,0.743157894736842,0.813684210526316,0.651578947368421,0.752631578947368,0.642105263157895,0.646315789473684,0.667368421052632,NA,0.858947368421053,0.858947368421053,0.876842105263158,0.876842105263158,0.887368421052632,0.887368421052632
"126",500,5,7,FALSE,0.645454545454546,0.602424242424242,0.687676767676768,0.687676767676768,0.686868686868687,0.686868686868687,0.601414141414141,0.601414141414141,0.691717171717172,0.691717171717172,0.54020202020202,0.54020202020202,0.655151515151515,0.671919191919192,0.811717171717172,0.723232323232323,0.844040404040404,0.66969696969697,0.79979797979798,0.67050505050505,0.662626262626263,0.683636363636364,NA,0.908282828282828,0.908282828282828,0.917777777777778,0.917777777777778,0.912525252525253,0.912525252525253
"127",1000,5,7,FALSE,0.65105527638191,0.58,0.675376884422111,0.675376884422111,0.668140703517588,0.668140703517588,0.685829145728643,0.685829145728643,0.732160804020101,0.732160804020101,0.582211055276382,0.582211055276382,0.641306532663317,0.646934673366834,0.768542713567839,0.753467336683417,0.829949748743719,0.635778894472362,0.795979899497487,0.637085427135678,0.646834170854271,0.65748743718593,NA,0.885025125628141,0.885025125628141,0.914170854271357,0.914170854271357,0.906231155778894,0.906231155778894
"128",2000,5,7,FALSE,0.630200501253133,0.579348370927318,0.702606516290727,0.702606516290727,0.689774436090226,0.689774436090226,0.743007518796992,0.743007518796992,0.748771929824561,0.748771929824561,0.613884711779449,0.613884711779449,0.647769423558897,0.646365914786967,0.811528822055138,0.754636591478697,0.837694235588972,0.638546365914787,0.796992481203008,0.647067669172932,0.658295739348371,0.668872180451128,NA,0.897243107769424,0.897243107769424,0.916040100250627,0.916040100250627,0.914586466165414,0.914586466165414
"129",100,10,7,FALSE,0.598333333333333,0.572222222222222,0.609444444444444,0.609444444444444,0.616666666666667,0.616666666666667,0.467222222222222,0.467222222222222,0.526111111111111,0.526111111111111,0.488888888888889,0.488888888888889,0.608888888888889,0.624444444444444,0.789444444444444,0.719444444444444,0.8175,0.614166666666667,0.752777777777778,0.616666666666667,0.6175,0.631666666666667,NA,0.813888888888889,0.813888888888889,0.828333333333333,0.828333333333333,0.820555555555555,0.820555555555555
"130",500,10,7,FALSE,0.620561224489796,0.577551020408163,0.651428571428571,0.651428571428571,0.650918367346939,0.650918367346939,0.606632653061224,0.606632653061224,0.686020408163265,0.686020408163265,0.549591836734694,0.549591836734694,0.639591836734694,0.635816326530612,0.788061224489796,0.738061224489796,0.833775510204082,0.632551020408163,0.785510204081633,0.633367346938775,0.646326530612245,0.662040816326531,NA,0.868571428571429,0.868571428571429,0.88530612244898,0.88530612244898,0.896224489795918,0.896224489795918
"131",1000,10,7,FALSE,0.608737373737374,0.565757575757576,0.644949494949495,0.644949494949495,0.637777777777778,0.637777777777778,0.633585858585859,0.633585858585859,0.696919191919192,0.696919191919192,0.559747474747475,0.559747474747475,0.612525252525252,0.626111111111111,0.772247474747475,0.732929292929293,0.803131313131313,0.616868686868687,0.768535353535354,0.612878787878788,0.618106060606061,0.640959595959596,NA,0.846262626262626,0.846262626262626,0.866767676767677,0.866767676767677,0.871010101010101,0.871010101010101
"132",2000,10,7,FALSE,0.625665829145729,0.572989949748744,0.68608040201005,0.68608040201005,0.674020100502513,0.674020100502513,0.718241206030151,0.718241206030151,0.722085427135678,0.722085427135678,0.617060301507538,0.617060301507538,0.631030150753769,0.632801507537688,0.799371859296482,0.732324120603015,0.831984924623116,0.638040201005025,0.781005025125628,0.640075376884422,0.636884422110553,0.658618090452261,NA,0.882889447236181,0.882889447236181,0.90178391959799,0.90178391959799,0.909070351758794,0.909070351758794
"133",100,1,9,FALSE,0.611111111111111,0.585858585858586,0.686868686868687,0.686868686868687,0.712121212121212,0.712121212121212,0.373737373737374,0.373737373737374,0.419191919191919,0.419191919191919,0.414141414141414,0.414141414141414,0.671717171717172,0.676767676767677,0.944444444444444,0.853535353535354,0.964646464646465,0.717171717171717,0.924242424242424,0.686868686868687,0.727272727272727,0.737373737373737,NA,1,1,1,1,1,1
"134",500,1,9,FALSE,0.693386773547094,0.559118236472946,0.701402805611222,0.701402805611222,0.707414829659319,0.707414829659319,0.365731462925852,0.365731462925852,0.56813627254509,0.56813627254509,0.361723446893788,0.361723446893788,0.661322645290581,0.69438877755511,0.942885771543086,0.80561122244489,0.991983967935872,0.659318637274549,0.959919839679359,0.667334669338677,0.662324649298597,0.697394789579158,NA,1,1,1,1,1,1
"135",1000,1,9,FALSE,0.672422422422422,0.602102102102102,0.738238238238238,0.738238238238238,0.741241241241241,0.741241241241241,0.578578578578579,0.578578578578579,0.825325325325325,0.825325325325325,0.526526526526527,0.526526526526527,0.705205205205205,0.692692692692693,0.934434434434434,0.781781781781782,0.982482482482482,0.715715715715716,0.94994994994995,0.693193193193193,0.719219219219219,0.743743743743744,NA,1,1,1,1,1,1
"136",2000,1,9,FALSE,0.718859429714857,0.650825412706353,0.799149574787394,0.799149574787394,0.792396198099049,0.792396198099049,0.698099049524762,0.698099049524762,0.798149074537269,0.798149074537269,0.420710355177589,0.420710355177589,0.713106553276638,0.736618309154577,0.945472736368184,0.846923461730865,0.968234117058529,0.71335667833917,0.965482741370685,0.738119059529765,0.719609804902451,0.755627813906953,NA,1,1,1,1,1,1
"137",100,5,9,FALSE,0.628421052631579,0.572631578947368,0.605263157894737,0.605263157894737,0.628421052631579,0.628421052631579,0.412631578947368,0.412631578947368,0.467368421052632,0.467368421052632,0.450526315789474,0.450526315789474,0.63421052631579,0.637894736842105,0.823684210526316,0.779473684210526,0.850526315789474,0.626315789473684,0.794736842105263,0.62,0.627368421052632,0.64578947368421,NA,0.948421052631579,0.948421052631579,0.955789473684211,0.955789473684211,0.948421052631579,0.948421052631579
"138",500,5,9,FALSE,0.627474747474748,0.55959595959596,0.637575757575758,0.637575757575758,0.64989898989899,0.64989898989899,0.446868686868687,0.446868686868687,0.604242424242424,0.604242424242424,0.437171717171717,0.437171717171717,0.615353535353535,0.625252525252525,0.827070707070707,0.759393939393939,0.870909090909091,0.629292929292929,0.809090909090909,0.626464646464647,0.622424242424242,0.647272727272727,NA,0.961414141414141,0.961414141414141,0.968686868686869,0.968686868686869,0.971919191919192,0.971919191919192
"139",1000,5,9,FALSE,0.614321608040201,0.556381909547739,0.626934673366834,0.626934673366834,0.630854271356784,0.630854271356784,0.491256281407035,0.491256281407035,0.663718592964824,0.663718592964824,0.447035175879397,0.447035175879397,0.607939698492462,0.603517587939699,0.816381909547739,0.782412060301508,0.879698492462311,0.599095477386935,0.817386934673367,0.611658291457286,0.603115577889447,0.639497487437186,NA,0.94894472361809,0.94894472361809,0.963718592964824,0.963718592964824,0.963316582914573,0.963316582914573
"140",2000,5,9,FALSE,0.616340852130326,0.571629072681704,0.661604010025063,0.661604010025063,0.658847117794486,0.658847117794486,0.620501253132832,0.620501253132832,0.726817042606516,0.726817042606516,0.519899749373434,0.519899749373434,0.639298245614035,0.633583959899749,0.829072681704261,0.764611528822055,0.894636591478697,0.624611528822055,0.835137844611529,0.636791979949875,0.636892230576441,0.653634085213033,NA,0.964210526315789,0.964210526315789,0.970325814536341,0.970325814536341,0.966516290726817,0.966516290726817
"141",100,10,9,FALSE,0.599166666666667,0.562777777777778,0.588888888888889,0.588888888888889,0.6,0.6,0.42,0.42,0.476111111111111,0.476111111111111,0.433055555555556,0.433055555555556,0.600555555555556,0.610277777777778,0.788333333333333,0.740277777777778,0.829444444444444,0.601666666666667,0.77,0.611666666666667,0.607222222222222,0.620277777777778,NA,0.887777777777778,0.887777777777778,0.907222222222222,0.907222222222222,0.906111111111111,0.906111111111111
"142",500,10,9,FALSE,0.635765306122449,0.585918367346939,0.657244897959184,0.657244897959184,0.668367346938776,0.668367346938776,0.47469387755102,0.47469387755102,0.618367346938775,0.618367346938775,0.467959183673469,0.467959183673469,0.646530612244898,0.651479591836735,0.838010204081633,0.738061224489796,0.885,0.644897959183673,0.826938775510204,0.632857142857143,0.648928571428571,0.660714285714286,NA,0.937857142857143,0.937857142857143,0.947040816326531,0.947040816326531,0.952551020408163,0.952551020408163
"143",1000,10,9,FALSE,0.643257575757576,0.57989898989899,0.647929292929293,0.647929292929293,0.651262626262626,0.651262626262626,0.534040404040404,0.534040404040404,0.677474747474748,0.677474747474748,0.488939393939394,0.488939393939394,0.616868686868687,0.632474747474747,0.825959595959596,0.736363636363636,0.88010101010101,0.624242424242424,0.834191919191919,0.623333333333333,0.628939393939394,0.637676767676768,NA,0.946666666666667,0.946666666666667,0.954545454545455,0.954545454545455,0.951818181818182,0.951818181818182
"144",2000,10,9,FALSE,0.619108040201005,0.565653266331658,0.651532663316583,0.651532663316583,0.648015075376884,0.648015075376884,0.62464824120603,0.62464824120603,0.712889447236181,0.712889447236181,0.508894472361809,0.508894472361809,0.613015075376884,0.628844221105528,0.822613065326633,0.779597989949749,0.864070351758794,0.615301507537688,0.818341708542714,0.620979899497487,0.627185929648241,0.638090452261306,NA,0.939422110552764,0.939422110552764,0.949597989949749,0.949597989949749,0.955979899497488,0.955979899497488
"145",100,1,11,FALSE,0.691919191919192,0.636363636363636,0.696969696969697,0.696969696969697,0.727272727272727,0.727272727272727,0.328282828282828,0.328282828282828,0.383838383838384,0.383838383838384,0.383838383838384,0.383838383838384,0.722222222222222,0.732323232323232,0.94949494949495,0.838383838383838,0.97979797979798,0.722222222222222,0.929292929292929,0.727272727272727,0.722222222222222,0.742424242424242,NA,1,1,1,1,1,1
"146",500,1,11,FALSE,0.715430861723447,0.587174348697395,0.664328657314629,0.664328657314629,0.700400801603206,0.700400801603206,0.356713426853707,0.356713426853707,0.645290581162325,0.645290581162325,0.365731462925852,0.365731462925852,0.659318637274549,0.661322645290581,0.94689378757515,0.841683366733467,0.991983967935872,0.646292585170341,0.975951903807615,0.652304609218437,0.634268537074148,0.704408817635271,NA,1,1,1,1,1,1
"147",1000,1,11,FALSE,0.717217217217217,0.592092092092092,0.673173173173173,0.673173173173173,0.691691691691692,0.691691691691692,0.388888888888889,0.388888888888889,0.587587587587588,0.587587587587588,0.388888888888889,0.388888888888889,0.60960960960961,0.662162162162162,0.934434434434434,0.846846846846847,0.994494494494494,0.65015015015015,0.973973973973974,0.651151151151151,0.635635635635636,0.667667667667668,NA,1,1,1,1,1,1
"148",2000,1,11,FALSE,0.709104552276138,0.542521260630315,0.676588294147074,0.676588294147074,0.681590795397699,0.681590795397699,0.43471735867934,0.43471735867934,0.72536268134067,0.72536268134067,0.40520260130065,0.40520260130065,0.64032016008004,0.610805402701351,0.937718859429715,0.866933466733367,0.989494747373687,0.612056028014007,0.969484742371186,0.624812406203102,0.613806903451726,0.651575787893947,NA,1,1,1,1,1,1
"149",100,5,11,FALSE,0.622105263157895,0.548421052631579,0.576842105263158,0.576842105263158,0.592631578947368,0.592631578947368,0.382105263157895,0.382105263157895,0.424736842105263,0.424736842105263,0.402105263157895,0.402105263157895,0.596842105263158,0.594736842105263,0.826315789473684,0.760526315789474,0.861052631578947,0.59,0.793684210526316,0.603684210526316,0.594736842105263,0.61,NA,0.950526315789474,0.950526315789474,0.955789473684211,0.955789473684211,0.951578947368421,0.951578947368421
"150",500,5,11,FALSE,0.646060606060606,0.581212121212121,0.622626262626263,0.622626262626263,0.637979797979798,0.637979797979798,0.395555555555556,0.395555555555556,0.548282828282828,0.548282828282828,0.40989898989899,0.40989898989899,0.632929292929293,0.624545454545455,0.850606060606061,0.783737373737374,0.915757575757576,0.615151515151515,0.847272727272727,0.609292929292929,0.624242424242424,0.640808080808081,NA,0.991717171717172,0.991717171717172,0.995959595959596,0.995959595959596,0.996767676767677,0.996767676767677
"151",1000,5,11,FALSE,0.638241206030151,0.582010050251256,0.652562814070352,0.652562814070352,0.659698492462311,0.659698492462311,0.44572864321608,0.44572864321608,0.606130653266332,0.606130653266332,0.44572864321608,0.44572864321608,0.630753768844221,0.63572864321608,0.813668341708543,0.745125628140703,0.924924623115578,0.629547738693467,0.864020100502513,0.634673366834171,0.634170854271357,0.660402010050251,NA,0.993768844221105,0.993768844221105,0.994874371859297,0.994874371859297,0.996180904522613,0.996180904522613
"152",2000,5,11,FALSE,0.640300751879699,0.572330827067669,0.646065162907268,0.646065162907268,0.648270676691729,0.648270676691729,0.49187969924812,0.49187969924812,0.693583959899749,0.693583959899749,0.46531328320802,0.46531328320802,0.618796992481203,0.618546365914787,0.855889724310777,0.772832080200501,0.926917293233083,0.618646616541353,0.859248120300752,0.626766917293233,0.618621553884712,0.648872180451128,NA,0.996441102756892,0.996441102756892,0.997994987468672,0.997994987468672,0.998045112781955,0.998045112781955
"153",100,10,11,FALSE,0.6075,0.548888888888889,0.578333333333333,0.578333333333333,0.596111111111111,0.596111111111111,0.386111111111111,0.386111111111111,0.441944444444444,0.441944444444444,0.417777777777778,0.417777777777778,0.602222222222222,0.594444444444444,0.832222222222222,0.749722222222222,0.868611111111111,0.600555555555556,0.792222222222222,0.599722222222222,0.587777777777778,0.608888888888889,NA,0.933888888888889,0.933888888888889,0.937777777777778,0.937777777777778,0.936111111111111,0.936111111111111
"154",500,10,11,FALSE,0.619744897959184,0.555408163265306,0.597755102040816,0.597755102040816,0.61469387755102,0.61469387755102,0.394285714285714,0.394285714285714,0.550918367346939,0.550918367346939,0.410816326530612,0.410816326530612,0.601683673469388,0.603775510204082,0.836428571428571,0.760612244897959,0.903673469387755,0.591836734693878,0.821530612244898,0.60265306122449,0.595918367346939,0.61234693877551,NA,0.958877551020408,0.958877551020408,0.968163265306123,0.968163265306123,0.968469387755102,0.968469387755102
"155",1000,10,11,FALSE,0.639823232323232,0.591868686868687,0.651464646464647,0.651464646464647,0.660454545454545,0.660454545454545,0.443535353535354,0.443535353535354,0.613939393939394,0.613939393939394,0.443535353535354,0.443535353535354,0.636515151515151,0.634267676767677,0.835252525252525,0.774292929292929,0.905252525252525,0.634090909090909,0.842525252525253,0.626010101010101,0.643989898989899,0.654191919191919,NA,0.975808080808081,0.975808080808081,0.980050505050505,0.980050505050505,0.977828282828283,0.977828282828283
"156",2000,10,11,FALSE,0.611407035175879,0.548291457286432,0.613366834170854,0.613366834170854,0.616005025125628,0.616005025125628,0.456809045226131,0.456809045226131,0.635075376884422,0.635075376884422,0.418718592964824,0.418718592964824,0.592261306532663,0.582587939698492,0.829849246231156,0.767386934673367,0.8828391959799,0.580477386934673,0.821457286432161,0.596180904522613,0.588140703517588,0.610552763819096,NA,0.97213567839196,0.97213567839196,0.979221105527638,0.979221105527638,0.977286432160804,0.977286432160804
"157",100,1,17,FALSE,0.671717171717172,0.484848484848485,0.555555555555556,0.555555555555556,0.560606060606061,0.560606060606061,0.0353535353535354,0.0353535353535354,0.388888888888889,0.388888888888889,0.310606060606061,0.310606060606061,0.560606060606061,0.575757575757576,0.929292929292929,0.838383838383838,0.97979797979798,0.560606060606061,0.888888888888889,0.580808080808081,0.54040404040404,0.590909090909091,NA,NA,NA,NA,NA,NA,NA
"158",500,1,17,FALSE,0.743486973947896,0.587174348697395,0.703406813627255,0.703406813627255,0.726452905811623,0.726452905811623,0.260521042084168,0.260521042084168,0.308617234468938,0.308617234468938,0.314629258517034,0.314629258517034,0.713426853707415,0.710420841683367,0.94689378757515,0.842685370741483,0.993987975951904,0.696392785571142,0.977955911823647,0.705410821643287,0.728456913827655,0.719438877755511,NA,1,1,1,1,1,1
"159",1000,1,17,FALSE,0.671671671671672,0.558558558558559,0.642642642642643,0.642642642642643,0.652652652652653,0.652652652652653,0.198698698698699,0.198698698698699,0.29029029029029,0.29029029029029,0.221721721721722,0.221721721721722,0.620620620620621,0.620620620620621,0.968468468468468,0.872872872872873,0.996496496496496,0.593593593593594,0.976976976976977,0.607607607607608,0.625625625625626,0.658658658658659,NA,1,1,1,1,1,1
"160",2000,1,17,FALSE,0.674462231115558,0.58104052026013,0.65807903951976,0.65807903951976,0.661330665332666,0.661330665332666,0.253126563281641,0.253126563281641,0.451975987993997,0.451975987993997,0.251875937968984,0.251875937968984,0.579289644822411,0.64032016008004,0.958979489744872,0.83591795897949,0.997748874437219,0.609804902451226,0.965982991495748,0.629064532266133,0.638569284642321,0.646573286643322,NA,1,1,1,1,1,1
"161",100,5,17,FALSE,0.632105263157895,0.538947368421053,0.569473684210526,0.569473684210526,0.58421052631579,0.58421052631579,0.231578947368421,0.231578947368421,0.364210526315789,0.364210526315789,0.348421052631579,0.348421052631579,0.591578947368421,0.580526315789474,0.832631578947368,0.801578947368421,0.907368421052632,0.582105263157895,0.823157894736842,0.583684210526316,0.582105263157895,0.587368421052632,NA,NA,NA,NA,NA,NA,NA
"162",500,5,17,FALSE,0.645353535353535,0.576767676767677,0.613737373737374,0.613737373737374,0.625454545454545,0.625454545454545,0.323232323232323,0.323232323232323,0.37979797979798,0.37979797979798,0.324040404040404,0.324040404040404,0.621818181818182,0.61030303030303,0.856969696969697,0.807070707070707,0.962626262626263,0.611717171717172,0.887474747474748,0.605252525252525,0.610707070707071,0.645252525252525,NA,1,1,1,1,1,1
"163",1000,5,17,FALSE,0.625175879396985,0.581608040201005,0.625326633165829,0.625326633165829,0.630954773869347,0.630954773869347,0.321206030150754,0.321206030150754,0.420301507537688,0.420301507537688,0.330251256281407,0.330251256281407,0.60964824120603,0.60894472361809,0.881909547738693,0.792663316582915,0.970653266331658,0.615577889447236,0.901608040201005,0.614371859296482,0.620100502512563,0.620804020100503,NA,1,1,1,1,1,1
"164",2000,5,17,FALSE,0.635689223057644,0.565563909774436,0.620952380952381,0.620952380952381,0.622857142857143,0.622857142857143,0.316641604010025,0.316641604010025,0.443959899749373,0.443959899749373,0.328771929824561,0.328771929824561,0.607769423558897,0.595338345864662,0.869624060150376,0.783508771929825,0.981203007518797,0.604260651629073,0.91984962406015,0.608070175438597,0.603959899749373,0.624561403508772,NA,1,1,1,1,1,1
"165",100,10,17,FALSE,0.6175,0.568888888888889,0.592222222222222,0.592222222222222,0.605,0.605,0.298055555555556,0.298055555555556,0.404722222222222,0.404722222222222,0.381111111111111,0.381111111111111,0.604444444444444,0.616666666666667,0.843055555555556,0.755277777777778,0.886944444444445,0.610555555555556,0.805555555555556,0.610555555555556,0.606666666666667,0.616111111111111,NA,NA,NA,NA,NA,NA,NA
"166",500,10,17,FALSE,0.641326530612245,0.569183673469388,0.611632653061224,0.611632653061224,0.618979591836735,0.618979591836735,0.327755102040816,0.327755102040816,0.413367346938776,0.413367346938776,0.34530612244898,0.34530612244898,0.616530612244898,0.61265306122449,0.847142857142857,0.776377551020408,0.938469387755102,0.605816326530612,0.861122448979592,0.605612244897959,0.606938775510204,0.624387755102041,NA,0.999795918367347,0.999795918367347,0.999795918367347,0.999795918367347,0.999591836734694,0.999591836734694
"167",1000,10,17,FALSE,0.640050505050505,0.571262626262626,0.626161616161616,0.626161616161616,0.634090909090909,0.634090909090909,0.320707070707071,0.320707070707071,0.428838383838384,0.428838383838384,0.335656565656566,0.335656565656566,0.616287878787879,0.622323232323232,0.85510101010101,0.782424242424242,0.954141414141414,0.60949494949495,0.883686868686869,0.611868686868687,0.616212121212121,0.634646464646465,NA,0.99979797979798,0.99979797979798,0.99979797979798,0.99979797979798,0.99969696969697,0.99969696969697
"168",2000,10,17,FALSE,0.638266331658291,0.547989949748744,0.616532663316583,0.616532663316583,0.618693467336684,0.618693467336684,0.320527638190955,0.320527638190955,0.488442211055276,0.488442211055276,0.332110552763819,0.332110552763819,0.597688442211055,0.598618090452261,0.850477386934673,0.783944723618091,0.946582914572864,0.586733668341709,0.871733668341709,0.596708542713568,0.596758793969849,0.606180904522613,NA,0.999899497487437,0.999899497487437,0.999949748743719,0.999949748743719,0.999899497487437,0.999899497487437
