"","auc(roc_Loo_multi)","auc(roc_Loo)","auc(roc_KNN_log_N_P)","auc(roc_KNN_log_N_P_diff_net)","auc(roc_KNN_5_sqrt_N)","auc(roc_KNN_5_sqrt_N_diff_net)","auc(roc_optics_k_mean)","auc(roc_optics_k_mean_diff_net)","auc(roc_optics_k_5)","auc(roc_optics_k_5_diff_net)","auc(roc_optics_sqrt_n)","auc(roc_optics_sqrt_n_diff_net)","auc(roc_OTS)","auc(roc_OTS_diff_net)","auc(roc_OTS_cosine)","auc(roc_OTS_diff_net_cosine)","auc(roc_OTS_cosine_med)","auc(roc_OTS_euc_med)","auc(roc_OTS_glob_avg_OTS)","auc(roc_spoutlier)","auc(roc_spoutlier_diff_net)","auc(roc_spoutlier_diff_net_norm)","auc_DPCC","auc(roc_cook_max)","auc(roc_cook_max_diff_net)","auc(roc_cook_avg)","auc(roc_cook_avg_diff_net)","auc(roc_cook_med)","auc(roc_cook_med_diff_net)","NA","NA","NA","NA"
"1",100,1,2,TRUE,0.671717171717172,0.666666666666667,0.661616161616162,0.661616161616162,0.661616161616162,0.661616161616162,0.542929292929293,0.542929292929293,0.48989898989899,0.48989898989899,0.570707070707071,0.570707070707071,0.641414141414141,0.626262626262626,0.5,0.5,NA,0.636363636363636,NA,0.626262626262626,0.608585858585859,0.664141414141414,0.666666666666667,0.666666666666667,0.666666666666667,0.666666666666667,0.666666666666667,0.666666666666667,0.666666666666667
"2",500,1,2,TRUE,0.642284569138277,0.64128256513026,0.651302605210421,0.651302605210421,0.648296593186373,0.648296593186373,0.396793587174349,0.396793587174349,0.462925851703407,0.462925851703407,0.620741482965932,0.620741482965932,0.650300601202405,0.594188376753507,0.5,0.5,NA,0.632765531062124,NA,0.615230460921844,0.575150300601202,0.560120240480962,0.64128256513026,0.64128256513026,0.64128256513026,0.64128256513026,0.64128256513026,0.64128256513026,0.64128256513026
"3",1000,1,2,TRUE,0.604604604604605,0.601601601601602,0.626126126126126,0.626126126126126,0.619119119119119,0.619119119119119,0.491491491491492,0.491491491491492,0.496496496496497,0.496496496496497,0.601101101101101,0.601101101101101,0.673673673673674,0.581081081081081,0.5,0.5,NA,0.588338338338338,NA,0.585085085085085,0.612112112112112,0.630630630630631,0.601601601601602,0.601601601601602,0.601601601601602,0.601601601601602,0.601601601601602,0.601601601601602,0.601601601601602
"4",2000,1,2,TRUE,0.557153576788394,0.55727863931966,0.567033516758379,0.567033516758379,0.576038019009505,0.576038019009505,0.409579789894947,0.409579789894947,0.383691845922961,0.383691845922961,0.613431715857929,0.613431715857929,0.566533266633317,0.594297148574287,0.5,0.5,NA,0.561905952976488,NA,0.606553276638319,0.607553776888444,0.572036018009004,0.55727863931966,0.55727863931966,0.55727863931966,0.55727863931966,0.55727863931966,0.55727863931966,0.55727863931966
"5",100,5,2,TRUE,0.549473684210526,0.551578947368421,0.549473684210526,0.549473684210526,0.546315789473684,0.546315789473684,0.504736842105263,0.504736842105263,0.465263157894737,0.465263157894737,0.522631578947368,0.522631578947368,0.550526315789474,0.56,0.5,0.5,NA,0.542631578947368,NA,0.556842105263158,0.532631578947368,0.550526315789474,0.551578947368421,0.550526315789474,0.550526315789474,0.550526315789474,0.550526315789474,0.550526315789474,0.550526315789474
"6",500,5,2,TRUE,0.576969696969697,0.578585858585859,0.593535353535354,0.593535353535354,0.587474747474747,0.587474747474747,0.495050505050505,0.495050505050505,0.506060606060606,0.506060606060606,0.527272727272727,0.527272727272727,0.591111111111111,0.586161616161616,0.5,0.5,NA,0.582626262626263,NA,0.580909090909091,0.584444444444444,0.579191919191919,0.578585858585859,0.578787878787879,0.578787878787879,0.578787878787879,0.578787878787879,0.578787878787879,0.578787878787879
"7",1000,5,2,TRUE,0.582663316582914,0.581005025125628,0.561306532663317,0.561306532663317,0.576482412060302,0.576482412060302,0.462914572864322,0.462914572864322,0.464422110552764,0.464422110552764,0.55748743718593,0.55748743718593,0.567939698492462,0.565527638190955,0.5,0.5,NA,0.568391959798995,NA,0.566231155778894,0.570452261306533,0.585979899497487,0.58070351758794,0.58070351758794,0.58070351758794,0.58070351758794,0.58070351758794,0.58070351758794,0.58070351758794
"8",2000,5,2,TRUE,0.603082706766917,0.602907268170426,0.603609022556391,0.603609022556391,0.604761904761905,0.604761904761905,0.489799498746867,0.489799498746867,0.477218045112782,0.477218045112782,0.550526315789474,0.550526315789474,0.60265664160401,0.600852130325815,0.5,0.5,NA,0.607167919799499,NA,0.599949874686717,0.607769423558897,0.599799498746867,0.602907268170426,0.602907268170426,0.602907268170426,0.602907268170426,0.602907268170426,0.602907268170426,0.602907268170426
"9",100,10,2,TRUE,0.561111111111111,0.561666666666667,0.563611111111111,0.563611111111111,0.562777777777778,0.562777777777778,0.491944444444444,0.491944444444444,0.489166666666667,0.489166666666667,0.534166666666667,0.534166666666667,0.560555555555555,0.560277777777778,0.5,0.5,NA,0.554722222222222,NA,0.568055555555556,0.561111111111111,0.558055555555556,0.561111111111111,0.560555555555556,0.560555555555556,0.560555555555556,0.560555555555556,0.560555555555556,0.560555555555556
"10",500,10,2,TRUE,0.558520408163265,0.560612244897959,0.563061224489796,0.563061224489796,0.567959183673469,0.567959183673469,0.489948979591837,0.489948979591837,0.471020408163265,0.471020408163265,0.553979591836735,0.553979591836735,0.56030612244898,0.561173469387755,0.5,0.5,NA,0.571887755102041,NA,0.561632653061225,0.55969387755102,0.555510204081633,0.560510204081633,0.560408163265306,0.560408163265306,0.560408163265306,0.560408163265306,0.560408163265306,0.560408163265306
"11",1000,10,2,TRUE,0.576489898989899,0.575606060606061,0.56479797979798,0.56479797979798,0.573535353535354,0.573535353535354,0.466010101010101,0.466010101010101,0.475378787878788,0.475378787878788,0.54260101010101,0.54260101010101,0.574949494949495,0.564343434343434,0.5,0.5,NA,0.574015151515151,NA,0.567626262626263,0.57010101010101,0.567121212121212,0.575858585858586,0.575555555555556,0.575555555555556,0.575555555555556,0.575555555555556,0.575555555555556,0.575555555555556
"12",2000,10,2,TRUE,0.579836683417085,0.57856783919598,0.579120603015075,0.579120603015075,0.584899497487437,0.584899497487437,0.456331658291457,0.456331658291457,0.455565326633166,0.455565326633166,0.54536432160804,0.54536432160804,0.574673366834171,0.571356783919598,0.5,0.5,NA,0.581005025125628,NA,0.588241206030151,0.552060301507538,0.572336683417085,0.57856783919598,0.578592964824121,0.578592964824121,0.578592964824121,0.578592964824121,0.578592964824121,0.578592964824121
"13",100,1,3,TRUE,0.666666666666667,0.671717171717172,0.762626262626263,0.762626262626263,0.747474747474747,0.747474747474747,0.651515151515152,0.651515151515152,0.681818181818182,0.681818181818182,0.696969696969697,0.696969696969697,0.676767676767677,0.747474747474748,0.744949494949495,0.603535353535354,0.797979797979798,0.747474747474748,0.777777777777778,0.71969696969697,0.707070707070707,0.75,NA,0.808080808080808,0.808080808080808,0.818181818181818,0.818181818181818,0.808080808080808,0.808080808080808
"14",500,1,3,TRUE,0.57314629258517,0.639278557114228,0.7374749498998,0.7374749498998,0.708416833667335,0.708416833667335,0.691382765531062,0.691382765531062,0.691382765531062,0.691382765531062,0.766533066132264,0.766533066132264,0.691382765531062,0.722444889779559,0.763527054108216,0.640280561122244,0.739478957915832,0.707414829659319,0.722444889779559,0.693386773547094,0.715430861723447,0.721442885771543,NA,0.791583166332665,0.791583166332665,0.792585170340681,0.792585170340681,0.802605210420842,0.802605210420842
"15",1000,1,3,TRUE,0.583083083083083,0.665165165165165,0.742742742742743,0.742742742742743,0.736736736736737,0.736736736736737,0.691691691691692,0.691691691691692,0.691691691691692,0.691691691691692,0.744744744744745,0.744744744744745,0.714214214214214,0.684184184184184,0.778778778778779,0.655155155155155,0.801801801801802,0.704204204204204,0.761261261261261,0.706706706706707,0.678678678678679,0.695695695695696,NA,0.799299299299299,0.799299299299299,0.807807807807808,0.807807807807808,0.785785785785786,0.785785785785786
"16",2000,1,3,TRUE,0.572786393196598,0.586793396698349,0.675087543771886,0.675087543771886,0.653326663331666,0.653326663331666,0.661830915457729,0.661830915457729,0.661830915457729,0.661830915457729,0.699849924962481,0.699849924962481,0.653826913456728,0.665082541270635,0.722861430715358,0.611305652826413,0.727613806903452,0.696598299149575,0.703101550775388,0.66408204102051,0.678339169584792,0.672836418209105,NA,0.715857928964482,0.715857928964482,0.724862431215608,0.724862431215608,0.721110555277639,0.721110555277639
"17",100,5,3,TRUE,0.555263157894737,0.594736842105263,0.631578947368421,0.631578947368421,0.626315789473684,0.626315789473684,0.605263157894737,0.605263157894737,0.596842105263158,0.596842105263158,0.598947368421053,0.598947368421053,0.633157894736842,0.631052631578947,0.673684210526316,0.592105263157895,0.650526315789474,0.637368421052632,0.65578947368421,0.647368421052632,0.621052631578947,0.643684210526316,NA,0.658947368421053,0.658947368421053,0.656842105263158,0.656842105263158,0.656842105263158,0.656842105263158
"18",500,5,3,TRUE,0.60989898989899,0.602424242424242,0.662020202020202,0.662020202020202,0.645050505050505,0.645050505050505,0.643131313131313,0.643131313131313,0.643131313131313,0.643131313131313,0.663636363636364,0.663636363636364,0.635353535353535,0.63959595959596,0.675959595959596,0.585757575757576,0.683838383838384,0.636565656565657,0.658787878787879,0.64040404040404,0.63979797979798,0.642222222222222,NA,0.673131313131313,0.673131313131313,0.676767676767677,0.676767676767677,0.678181818181818,0.678181818181818
"19",1000,5,3,TRUE,0.551155778894472,0.576281407035176,0.629246231155779,0.629246231155779,0.617386934673367,0.617386934673367,0.619447236180904,0.619447236180904,0.619447236180904,0.619447236180904,0.650050251256281,0.650050251256281,0.612663316582915,0.611959798994975,0.63678391959799,0.581909547738694,0.643316582914573,0.614874371859296,0.631959798994975,0.615075376884422,0.60070351758794,0.621105527638191,NA,0.640402010050251,0.640402010050251,0.645829145728643,0.645829145728643,0.645025125628141,0.645025125628141
"20",2000,5,3,TRUE,0.57546365914787,0.595639097744361,0.661904761904762,0.661904761904762,0.65187969924812,0.65187969924812,0.616691729323308,0.616691729323308,0.616691729323308,0.616691729323308,0.682456140350877,0.682456140350877,0.629097744360902,0.627518796992481,0.646616541353384,0.588320802005013,0.663258145363409,0.648521303258145,0.664260651629073,0.637894736842105,0.632330827067669,0.642406015037594,NA,0.676691729323308,0.676691729323308,0.676791979949875,0.676791979949875,0.668170426065163,0.668170426065163
"21",100,10,3,TRUE,0.55,0.579444444444444,0.61,0.61,0.605,0.605,0.597777777777778,0.597777777777778,0.6075,0.6075,0.605,0.605,0.598888888888889,0.607222222222222,0.619722222222222,0.579166666666667,0.636111111111111,0.612777777777778,0.631666666666667,0.601388888888889,0.605833333333333,0.606666666666667,NA,0.622222222222222,0.622222222222222,0.62,0.62,0.623888888888889,0.623888888888889
"22",500,10,3,TRUE,0.567397959183674,0.586632653061224,0.642755102040816,0.642755102040816,0.641224489795918,0.641224489795918,0.633112244897959,0.633112244897959,0.633112244897959,0.633112244897959,0.666326530612245,0.666326530612245,0.625816326530612,0.628367346938776,0.661224489795918,0.593469387755102,0.69,0.626122448979592,0.661326530612245,0.618265306122449,0.608469387755102,0.627959183673469,NA,0.659591836734694,0.659591836734694,0.665714285714286,0.665714285714286,0.668163265306122,0.668163265306122
"23",1000,10,3,TRUE,0.56709595959596,0.593939393939394,0.636262626262626,0.636262626262626,0.628484848484848,0.628484848484848,0.622373737373737,0.622373737373737,0.622373737373737,0.622373737373737,0.661666666666667,0.661666666666667,0.623939393939394,0.622525252525253,0.651313131313131,0.589040404040404,0.651363636363636,0.628232323232323,0.645606060606061,0.617171717171717,0.638838383838384,0.632525252525252,NA,0.657222222222222,0.657222222222222,0.662626262626263,0.662626262626263,0.666515151515152,0.666515151515152
"24",2000,10,3,TRUE,0.550326633165829,0.600402010050251,0.669020100502512,0.669020100502512,0.656909547738693,0.656909547738693,0.623354271356784,0.623354271356784,0.623354271356784,0.623354271356784,0.67106783919598,0.67106783919598,0.63143216080402,0.634748743718593,0.648115577889447,0.564145728643216,0.672663316582915,0.635025125628141,0.662060301507538,0.624472361809045,0.632311557788945,0.638618090452261,NA,0.672713567839196,0.672713567839196,0.681130653266332,0.681130653266332,0.673341708542714,0.673341708542714
"25",100,1,5,TRUE,0.646464646464646,0.626262626262626,0.712121212121212,0.712121212121212,0.712121212121212,0.712121212121212,0.606060606060606,0.606060606060606,0.646464646464647,0.646464646464647,0.54040404040404,0.54040404040404,0.707070707070707,0.717171717171717,0.898989898989899,0.792929292929293,0.944444444444444,0.702020202020202,0.898989898989899,0.707070707070707,0.727272727272727,0.737373737373737,NA,0.954545454545455,0.954545454545455,0.96969696969697,0.96969696969697,0.96969696969697,0.96969696969697
"26",500,1,5,TRUE,0.657314629258517,0.692384769539078,0.80060120240481,0.80060120240481,0.792585170340681,0.792585170340681,0.804609218436874,0.804609218436874,0.795591182364729,0.795591182364729,0.714428857715431,0.714428857715431,0.75250501002004,0.749498997995992,0.866733466933868,0.776553106212425,0.929859719438878,0.756513026052104,0.924849699398798,0.760521042084168,0.766533066132264,0.777555110220441,NA,0.980961923847695,0.980961923847695,0.985971943887776,0.985971943887776,0.986973947895792,0.986973947895792
"27",1000,1,5,TRUE,0.641141141141141,0.613113113113113,0.814314314314314,0.814314314314314,0.768268268268268,0.768268268268268,0.808308308308308,0.808308308308308,0.82982982982983,0.82982982982983,0.729229229229229,0.729229229229229,0.741241241241241,0.716716716716717,0.8998998998999,0.794294294294294,0.934934934934935,0.717717717717718,0.906906906906907,0.702202202202202,0.722722722722723,0.74024024024024,NA,0.977477477477477,0.977477477477477,0.974974974974975,0.974974974974975,0.970970970970971,0.970970970970971
"28",2000,1,5,TRUE,0.716358179089545,0.672336168084042,0.848674337168584,0.848674337168584,0.801900950475238,0.801900950475238,0.870935467733867,0.870935467733867,0.828664332166083,0.828664332166083,0.826663331665833,0.826663331665833,0.765882941470735,0.776138069034517,0.868184092046023,0.791645822911456,0.941720860430215,0.759129564782391,0.930965482741371,0.750875437718859,0.762381190595298,0.775637818909455,NA,0.991995997999,0.991995997999,0.993496748374187,0.993496748374187,0.99399699849925,0.99399699849925
"29",100,5,5,TRUE,0.590526315789474,0.573684210526316,0.631578947368421,0.631578947368421,0.629473684210526,0.629473684210526,0.571578947368421,0.571578947368421,0.594736842105263,0.594736842105263,0.551578947368421,0.551578947368421,0.638947368421053,0.61578947368421,0.743157894736842,0.679473684210526,0.763157894736842,0.632631578947368,0.727368421052632,0.62421052631579,0.636842105263158,0.629473684210526,NA,0.757894736842105,0.757894736842105,0.770526315789474,0.770526315789474,0.782105263157895,0.782105263157895
"30",500,5,5,TRUE,0.571616161616162,0.565454545454545,0.636767676767677,0.636767676767677,0.623838383838384,0.623838383838384,0.689292929292929,0.689292929292929,0.690505050505051,0.690505050505051,0.612525252525253,0.612525252525253,0.618989898989899,0.623434343434343,0.735353535353535,0.698181818181818,0.761010101010101,0.602929292929293,0.711515151515152,0.629090909090909,0.619191919191919,0.637979797979798,NA,0.76989898989899,0.76989898989899,0.785656565656566,0.785656565656566,0.788686868686869,0.788686868686869
"31",1000,5,5,TRUE,0.625025125628141,0.59608040201005,0.698894472361809,0.698894472361809,0.675979899497487,0.675979899497487,0.719698492462312,0.719698492462312,0.733467336683417,0.733467336683417,0.672361809045226,0.672361809045226,0.653668341708543,0.648341708542714,0.776984924623116,0.710653266331658,0.794070351758794,0.654371859296482,0.756683417085427,0.656281407035176,0.652060301507538,0.684221105527638,NA,0.815075376884422,0.815075376884422,0.822010050251256,0.822010050251256,0.827236180904523,0.827236180904523
"32",2000,5,5,TRUE,0.607644110275689,0.604010025062657,0.699498746867168,0.699498746867168,0.686115288220551,0.686115288220551,0.754436090225564,0.754436090225564,0.752330827067669,0.752330827067669,0.702857142857143,0.702857142857143,0.660451127819549,0.641503759398496,0.747919799498747,0.720802005012531,0.775739348370927,0.657042606516291,0.753684210526316,0.654736842105263,0.655338345864662,0.685213032581454,NA,0.822155388471178,0.822155388471178,0.82265664160401,0.82265664160401,0.839097744360902,0.839097744360902
"33",100,10,5,TRUE,0.579444444444444,0.56,0.595,0.595,0.594444444444444,0.594444444444444,0.565,0.565,0.588333333333333,0.588333333333333,0.545555555555556,0.545555555555556,0.599166666666667,0.595833333333333,0.696111111111111,0.651388888888889,0.718888888888889,0.6,0.693888888888889,0.593333333333333,0.599722222222222,0.611944444444444,NA,0.691666666666667,0.691666666666667,0.702777777777778,0.702777777777778,0.711666666666667,0.711666666666667
"34",500,10,5,TRUE,0.599744897959184,0.570102040816326,0.643877551020408,0.643877551020408,0.631224489795918,0.631224489795918,0.70765306122449,0.70765306122449,0.696122448979592,0.696122448979592,0.646530612244898,0.646530612244898,0.62765306122449,0.620612244897959,0.756428571428571,0.7,0.773061224489796,0.618571428571429,0.725918367346939,0.626530612244898,0.624591836734694,0.637857142857143,NA,0.771122448979592,0.771122448979592,0.782959183673469,0.782959183673469,0.789183673469388,0.789183673469388
"35",1000,10,5,TRUE,0.600277777777778,0.598282828282828,0.677222222222222,0.677222222222222,0.66510101010101,0.66510101010101,0.741919191919192,0.741919191919192,0.724040404040404,0.724040404040404,0.670353535353535,0.670353535353535,0.64979797979798,0.645555555555556,0.765959595959596,0.695909090909091,0.786616161616162,0.642878787878788,0.748737373737374,0.645328282828283,0.647222222222222,0.671060606060606,NA,0.799545454545455,0.799545454545455,0.813737373737374,0.813737373737374,0.818636363636364,0.818636363636364
"36",2000,10,5,TRUE,0.592675879396985,0.582185929648241,0.683517587939698,0.683517587939698,0.665527638190955,0.665527638190955,0.746608040201005,0.746608040201005,0.734497487437186,0.734497487437186,0.701959798994975,0.701959798994975,0.635879396984925,0.635226130653266,0.761896984924623,0.684095477386935,0.787587939698492,0.638065326633166,0.738241206030151,0.636180904522613,0.630477386934673,0.649120603015075,NA,0.786582914572864,0.786582914572864,0.799798994974874,0.799798994974874,0.807738693467337,0.807738693467337
"37",100,1,7,TRUE,0.661616161616162,0.565656565656566,0.636363636363636,0.636363636363636,0.651515151515152,0.651515151515152,0.373737373737374,0.373737373737374,0.47979797979798,0.47979797979798,0.404040404040404,0.404040404040404,0.636363636363636,0.646464646464647,0.924242424242424,0.777777777777778,0.94949494949495,0.636363636363636,0.919191919191919,0.666666666666667,0.636363636363636,0.702020202020202,NA,1,1,1,1,1,1
"38",500,1,7,TRUE,0.654308617234469,0.602204408817635,0.714428857715431,0.714428857715431,0.714428857715431,0.714428857715431,0.610220440881764,0.610220440881764,0.726452905811623,0.726452905811623,0.545090180360721,0.545090180360721,0.68937875751503,0.676352705410822,0.887775551102204,0.792585170340681,0.956913827655311,0.68436873747495,0.92184368737475,0.693386773547094,0.697394789579158,0.75250501002004,NA,1,1,1,1,1,1
"39",1000,1,7,TRUE,0.587587587587588,0.601601601601602,0.735235235235235,0.735235235235235,0.719219219219219,0.719219219219219,0.717217217217217,0.717217217217217,0.761761761761762,0.761761761761762,0.556056056056056,0.556056056056056,0.665165165165165,0.685185185185185,0.872872872872873,0.801801801801802,0.952952952952953,0.67967967967968,0.953953953953954,0.704204204204204,0.678178178178178,0.724224224224224,NA,0.998498498498499,0.998498498498499,1,1,0.998998998998999,0.998998998998999
"40",2000,1,7,TRUE,0.641695847923962,0.564782391195598,0.734117058529265,0.734117058529265,0.717108554277138,0.717108554277138,0.789644822411206,0.789644822411206,0.807403701850925,0.807403701850925,0.60280140070035,0.60280140070035,0.629064532266133,0.64832416208104,0.914457228614307,0.787143571785893,0.951725862931466,0.644822411205603,0.897448724362181,0.637568784392196,0.651575787893947,0.680090045022511,NA,1,1,1,1,1,1
"41",100,5,7,TRUE,0.617894736842105,0.581052631578947,0.616842105263158,0.616842105263158,0.626315789473684,0.626315789473684,0.478947368421053,0.478947368421053,0.524210526315789,0.524210526315789,0.496842105263158,0.496842105263158,0.64,0.63,0.783157894736842,0.701052631578947,0.805263157894737,0.629473684210526,0.756842105263158,0.628421052631579,0.629473684210526,0.643157894736842,NA,0.848421052631579,0.848421052631579,0.857894736842105,0.857894736842105,0.866315789473684,0.866315789473684
"42",500,5,7,TRUE,0.650808080808081,0.571919191919192,0.652929292929293,0.652929292929293,0.652929292929293,0.652929292929293,0.584848484848485,0.584848484848485,0.686464646464646,0.686464646464646,0.535959595959596,0.535959595959596,0.638787878787879,0.632121212121212,0.784444444444444,0.742222222222222,0.833939393939394,0.636363636363636,0.793333333333333,0.637777777777778,0.630909090909091,0.663838383838384,NA,0.889292929292929,0.889292929292929,0.911313131313131,0.911313131313131,0.91979797979798,0.91979797979798
"43",1000,5,7,TRUE,0.624371859296482,0.577788944723618,0.669246231155779,0.669246231155779,0.665025125628141,0.665025125628141,0.690954773869347,0.690954773869347,0.724924623115578,0.724924623115578,0.582914572864322,0.582914572864322,0.640904522613065,0.630552763819096,0.799095477386935,0.757989949748744,0.848241206030151,0.631155778894472,0.805226130653266,0.635477386934673,0.637085427135678,0.662914572864322,NA,0.904623115577889,0.904623115577889,0.918291457286432,0.918291457286432,0.917386934673367,0.917386934673367
"44",2000,5,7,TRUE,0.622130325814536,0.581704260651629,0.692832080200501,0.692832080200501,0.682105263157895,0.682105263157895,0.742756892230577,0.742756892230577,0.753233082706767,0.753233082706767,0.623258145363409,0.623258145363409,0.637644110275689,0.641654135338346,0.793583959899749,0.722731829573935,0.8534335839599,0.63609022556391,0.803508771929825,0.644611528822055,0.63453634085213,0.662406015037594,NA,0.892731829573935,0.892731829573935,0.910927318295739,0.910927318295739,0.928170426065163,0.928170426065163
"45",100,10,7,TRUE,0.627222222222222,0.572777777777778,0.61,0.61,0.617222222222222,0.617222222222222,0.521111111111111,0.521111111111111,0.580555555555555,0.580555555555555,0.522222222222222,0.522222222222222,0.618055555555556,0.618055555555556,0.759444444444444,0.68,0.794722222222222,0.626111111111111,0.752222222222222,0.626388888888889,0.616388888888889,0.628888888888889,NA,0.797777777777778,0.797777777777778,0.812222222222222,0.812222222222222,0.825,0.825
"46",500,10,7,TRUE,0.641173469387755,0.585816326530612,0.645612244897959,0.645612244897959,0.645408163265306,0.645408163265306,0.618061224489796,0.618061224489796,0.692142857142857,0.692142857142857,0.562551020408163,0.562551020408163,0.635,0.631122448979592,0.781122448979592,0.716632653061225,0.829285714285714,0.631122448979592,0.783265306122449,0.634795918367347,0.62265306122449,0.65265306122449,NA,0.847142857142857,0.847142857142857,0.864387755102041,0.864387755102041,0.862244897959184,0.862244897959184
"47",1000,10,7,TRUE,0.642575757575758,0.577171717171717,0.661161616161616,0.661161616161616,0.653787878787879,0.653787878787879,0.703535353535353,0.703535353535353,0.724545454545455,0.724545454545455,0.588030303030303,0.588030303030303,0.634292929292929,0.622676767676768,0.789949494949495,0.729570707070707,0.833838383838384,0.623383838383838,0.781363636363636,0.628333333333333,0.632020202020202,0.656666666666667,NA,0.862424242424242,0.862424242424242,0.875,0.875,0.87949494949495,0.87949494949495
"48",2000,10,7,TRUE,0.623190954773869,0.592537688442211,0.683065326633166,0.683065326633166,0.668366834170854,0.668366834170854,0.743592964824121,0.743592964824121,0.753366834170854,0.753366834170854,0.62748743718593,0.62748743718593,0.642713567839196,0.634321608040201,0.797211055276382,0.743291457286432,0.839748743718593,0.634748743718593,0.79464824120603,0.646834170854271,0.639547738693467,0.667964824120603,NA,0.881482412060302,0.881482412060302,0.88856783919598,0.88856783919598,0.893467336683417,0.893467336683417
"49",100,1,9,TRUE,0.606060606060606,0.545454545454545,0.575757575757576,0.575757575757576,0.595959595959596,0.595959595959596,0.363636363636364,0.363636363636364,0.444444444444444,0.444444444444444,0.414141414141414,0.414141414141414,0.585858585858586,0.601010101010101,0.909090909090909,0.838383838383838,0.939393939393939,0.611111111111111,0.888888888888889,0.611111111111111,0.616161616161616,0.636363636363636,NA,1,1,1,1,1,1
"50",500,1,9,TRUE,0.749498997995992,0.593186372745491,0.705410821643287,0.705410821643287,0.723446893787575,0.723446893787575,0.463927855711423,0.463927855711423,0.69939879759519,0.69939879759519,0.459919839679359,0.459919839679359,0.69939879759519,0.68937875751503,0.94689378757515,0.834669338677355,0.986973947895792,0.683366733466934,0.959919839679359,0.67935871743487,0.692384769539078,0.726452905811623,NA,1,1,1,1,1,1
"51",1000,1,9,TRUE,0.643643643643644,0.625625625625626,0.716216216216216,0.716216216216216,0.718218218218218,0.718218218218218,0.558558558558559,0.558558558558559,0.714214214214214,0.714214214214214,0.465465465465465,0.465465465465465,0.692692692692693,0.675175175175175,0.916916916916917,0.84034034034034,0.980480480480481,0.674174174174174,0.954954954954955,0.663663663663664,0.652152152152152,0.71971971971972,NA,1,1,1,1,1,1
"52",2000,1,9,TRUE,0.685342671335668,0.575537768884442,0.726863431715858,0.726863431715858,0.719859929964982,0.719859929964982,0.64032016008004,0.64032016008004,0.783141570785393,0.783141570785393,0.441220610305153,0.441220610305153,0.633066533266633,0.641070535267634,0.946223111555778,0.836418209104552,0.983491745872936,0.64832416208104,0.958729364682341,0.648574287143572,0.656578289144572,0.714357178589295,NA,1,1,1,1,1,1
"53",100,5,9,TRUE,0.652631578947368,0.598947368421053,0.629473684210526,0.629473684210526,0.635789473684211,0.635789473684211,0.467368421052632,0.467368421052632,0.497894736842105,0.497894736842105,0.477894736842105,0.477894736842105,0.634736842105263,0.635789473684211,0.81,0.720526315789474,0.846315789473684,0.641052631578947,0.798947368421053,0.628421052631579,0.64,0.654736842105263,NA,0.924210526315789,0.924210526315789,0.934736842105263,0.934736842105263,0.928421052631579,0.928421052631579
"54",500,5,9,TRUE,0.651111111111111,0.595151515151515,0.645050505050505,0.645050505050505,0.653737373737374,0.653737373737374,0.490707070707071,0.490707070707071,0.61,0.61,0.49010101010101,0.49010101010101,0.633333333333333,0.636161616161616,0.827272727272727,0.763636363636364,0.873737373737374,0.636767676767677,0.828080808080808,0.645050505050505,0.641010101010101,0.655757575757576,NA,0.956767676767677,0.956767676767677,0.97030303030303,0.97030303030303,0.97030303030303,0.97030303030303
"55",1000,5,9,TRUE,0.668793969849246,0.590753768844221,0.674874371859296,0.674874371859296,0.676683417085427,0.676683417085427,0.579497487437186,0.579497487437186,0.694572864321608,0.694572864321608,0.518592964824121,0.518592964824121,0.654773869346734,0.652160804020101,0.826532663316583,0.760150753768844,0.895879396984925,0.648241206030151,0.836482412060301,0.647437185929648,0.63929648241206,0.667437185929648,NA,0.978291457286432,0.978291457286432,0.983819095477387,0.983819095477387,0.984321608040201,0.984321608040201
"56",2000,5,9,TRUE,0.63952380952381,0.569423558897243,0.664411027568922,0.664411027568922,0.662556390977444,0.662556390977444,0.630726817042607,0.630726817042607,0.729473684210526,0.729473684210526,0.510025062656642,0.510025062656642,0.625413533834587,0.625363408521303,0.827919799498747,0.758295739348371,0.890927318295739,0.617443609022556,0.831328320802005,0.625012531328321,0.627869674185464,0.645062656641604,NA,0.982255639097744,0.982255639097744,0.988571428571429,0.988571428571429,0.98922305764411,0.98922305764411
"57",100,10,9,TRUE,0.607777777777778,0.558333333333333,0.583333333333333,0.583333333333333,0.600555555555556,0.600555555555556,0.471111111111111,0.471111111111111,0.518333333333333,0.518333333333333,0.489444444444444,0.489444444444444,0.6,0.595277777777778,0.770555555555556,0.669166666666667,0.8125,0.602777777777778,0.755555555555556,0.596944444444444,0.593888888888889,0.610833333333333,NA,0.863888888888889,0.863888888888889,0.879444444444444,0.879444444444444,0.878888888888889,0.878888888888889
"58",500,10,9,TRUE,0.632551020408163,0.575918367346939,0.63765306122449,0.63765306122449,0.64734693877551,0.64734693877551,0.508673469387755,0.508673469387755,0.636632653061225,0.636632653061225,0.500714285714286,0.500714285714286,0.633571428571429,0.631428571428571,0.809948979591837,0.733163265306122,0.864591836734694,0.629285714285714,0.805918367346939,0.627244897959184,0.632448979591837,0.657142857142857,NA,0.912755102040816,0.912755102040816,0.925918367346939,0.925918367346939,0.930510204081633,0.930510204081633
"59",1000,10,9,TRUE,0.621489898989899,0.579646464646465,0.649090909090909,0.649090909090909,0.653686868686869,0.653686868686869,0.56030303030303,0.56030303030303,0.695328282828283,0.695328282828283,0.515959595959596,0.515959595959596,0.62550505050505,0.625151515151515,0.812727272727273,0.733484848484848,0.863434343434343,0.617121212121212,0.806565656565656,0.620353535353535,0.622020202020202,0.651616161616162,NA,0.922979797979798,0.922979797979798,0.931717171717172,0.931717171717172,0.928787878787879,0.928787878787879
"60",2000,10,9,TRUE,0.643982412060301,0.569246231155779,0.658140703517588,0.658140703517588,0.654095477386935,0.654095477386935,0.628793969849246,0.628793969849246,0.736658291457286,0.736658291457286,0.52891959798995,0.52891959798995,0.624874371859297,0.621708542713568,0.823040201005025,0.769045226130653,0.876331658291457,0.613517587939698,0.823819095477387,0.622587939698492,0.626281407035176,0.645502512562814,NA,0.936155778894472,0.936155778894472,0.946407035175879,0.946407035175879,0.944547738693467,0.944547738693467
"61",100,1,11,TRUE,0.681818181818182,0.53030303030303,0.580808080808081,0.580808080808081,0.621212121212121,0.621212121212121,0.277777777777778,0.277777777777778,0.373737373737374,0.373737373737374,0.308080808080808,0.308080808080808,0.616161616161616,0.616161616161616,0.924242424242424,0.818181818181818,0.95959595959596,0.606060606060606,0.878787878787879,0.641414141414141,0.616161616161616,0.626262626262626,NA,1,1,1,1,1,1
"62",500,1,11,TRUE,0.720440881763527,0.634268537074148,0.722444889779559,0.722444889779559,0.74749498997996,0.74749498997996,0.372745490981964,0.372745490981964,0.54809619238477,0.54809619238477,0.386773547094188,0.386773547094188,0.715430861723447,0.708416833667335,0.939879759519038,0.871743486973948,0.988977955911824,0.713426853707415,0.970941883767535,0.700400801603206,0.702404809619239,0.738476953907816,NA,1,1,1,1,1,1
"63",1000,1,11,TRUE,0.661661661661662,0.525025025025025,0.661161161161161,0.661161161161161,0.673673673673674,0.673673673673674,0.331331331331331,0.331331331331331,0.559059059059059,0.559059059059059,0.331331331331331,0.331331331331331,0.628128128128128,0.648148148148148,0.956456456456456,0.85035035035035,0.993993993993994,0.620620620620621,0.972972972972973,0.641641641641642,0.635635635635636,0.652152152152152,NA,1,1,1,1,1,1
"64",2000,1,11,TRUE,0.729989994997499,0.644822411205603,0.742371185592796,0.742371185592796,0.746373186593297,0.746373186593297,0.473486743371686,0.473486743371686,0.74312156078039,0.74312156078039,0.410955477738869,0.410955477738869,0.704352176088044,0.716108054027013,0.970985492746373,0.886443221610805,0.995747873936969,0.707103551775888,0.983491745872936,0.693096548274137,0.698099049524762,0.716608304152076,NA,1,1,1,1,1,1
"65",100,5,11,TRUE,0.6,0.542105263157895,0.574736842105263,0.574736842105263,0.585263157894737,0.585263157894737,0.381052631578947,0.381052631578947,0.448421052631579,0.448421052631579,0.429473684210526,0.429473684210526,0.589473684210526,0.595789473684211,0.816315789473684,0.738947368421053,0.843684210526316,0.585263157894737,0.781052631578947,0.592631578947368,0.591578947368421,0.608947368421053,NA,0.955789473684211,0.955789473684211,0.966315789473684,0.966315789473684,0.964210526315789,0.964210526315789
"66",500,5,11,TRUE,0.661111111111111,0.584646464646465,0.627272727272727,0.627272727272727,0.641818181818182,0.641818181818182,0.395959595959596,0.395959595959596,0.566262626262626,0.566262626262626,0.413333333333333,0.413333333333333,0.631515151515152,0.633131313131313,0.842828282828283,0.782626262626263,0.914747474747475,0.625858585858586,0.857171717171717,0.631515151515152,0.63040404040404,0.641414141414141,NA,0.994949494949495,0.994949494949495,0.997171717171717,0.997171717171717,0.995959595959596,0.995959595959596
"67",1000,5,11,TRUE,0.646582914572864,0.575778894472362,0.634773869346734,0.634773869346734,0.647638190954774,0.647638190954774,0.441407035175879,0.441407035175879,0.621105527638191,0.621105527638191,0.441407035175879,0.441407035175879,0.625427135678392,0.622010050251256,0.841608040201005,0.771658291457286,0.911356783919598,0.612562814070352,0.847437185929648,0.620100502512563,0.622814070351759,0.640804020100503,NA,0.992261306532663,0.992261306532663,0.993266331658291,0.993266331658291,0.993668341708543,0.993668341708543
"68",2000,5,11,TRUE,0.656842105263158,0.570075187969925,0.653634085213033,0.653634085213033,0.65609022556391,0.65609022556391,0.5,0.5,0.689573934837093,0.689573934837093,0.456240601503759,0.456240601503759,0.629122807017544,0.639298245614035,0.854385964912281,0.770977443609023,0.917543859649123,0.620350877192982,0.858646616541353,0.633233082706767,0.631177944862155,0.651578947368421,NA,0.992380952380952,0.992380952380952,0.995789473684211,0.995789473684211,0.995789473684211,0.995789473684211
"69",100,10,11,TRUE,0.605555555555556,0.56,0.586666666666667,0.586666666666667,0.598888888888889,0.598888888888889,0.445555555555556,0.445555555555556,0.480277777777778,0.480277777777778,0.458611111111111,0.458611111111111,0.593611111111111,0.597777777777778,0.787777777777778,0.712777777777778,0.831111111111111,0.602222222222222,0.764444444444444,0.597222222222222,0.596666666666667,0.596666666666667,NA,0.905,0.905,0.914444444444445,0.914444444444445,0.918888888888889,0.918888888888889
"70",500,10,11,TRUE,0.642142857142857,0.58030612244898,0.627959183673469,0.627959183673469,0.642244897959184,0.642244897959184,0.437040816326531,0.437040816326531,0.583877551020408,0.583877551020408,0.444897959183673,0.444897959183673,0.630918367346939,0.628469387755102,0.826479591836735,0.760867346938775,0.898163265306122,0.625204081632653,0.838265306122449,0.634081632653061,0.635204081632653,0.642551020408163,NA,0.96,0.96,0.97,0.97,0.967142857142857,0.967142857142857
"71",1000,10,11,TRUE,0.636616161616162,0.565555555555556,0.631363636363636,0.631363636363636,0.639292929292929,0.639292929292929,0.448080808080808,0.448080808080808,0.647323232323232,0.647323232323232,0.448080808080808,0.448080808080808,0.617979797979798,0.62040404040404,0.825858585858586,0.746565656565657,0.892020202020202,0.612070707070707,0.835252525252525,0.616616161616162,0.614242424242424,0.638232323232323,NA,0.968535353535354,0.968535353535354,0.977828282828283,0.977828282828283,0.979747474747475,0.979747474747475
"72",2000,10,11,TRUE,0.651532663316583,0.586934673366834,0.665854271356784,0.665854271356784,0.668894472361809,0.668894472361809,0.510979899497487,0.510979899497487,0.711557788944724,0.711557788944724,0.473391959798995,0.473391959798995,0.636155778894472,0.633844221105528,0.839472361809045,0.755804020100503,0.914572864321608,0.633391959798995,0.855552763819096,0.636105527638191,0.637663316582915,0.661658291457286,NA,0.969974874371859,0.969974874371859,0.97821608040201,0.97821608040201,0.977587939698493,0.977587939698493
"73",100,1,17,TRUE,0.666666666666667,0.641414141414141,0.676767676767677,0.676767676767677,0.691919191919192,0.691919191919192,0.111111111111111,0.111111111111111,0.393939393939394,0.393939393939394,0.373737373737374,0.373737373737374,0.676767676767677,0.681818181818182,0.94949494949495,0.878787878787879,0.97979797979798,0.676767676767677,0.929292929292929,0.696969696969697,0.681818181818182,0.712121212121212,NA,NA,NA,NA,NA,NA,NA
"74",500,1,17,TRUE,0.648797595190381,0.527054108216433,0.571142284569138,0.571142284569138,0.588176352705411,0.588176352705411,0.245490981963928,0.245490981963928,0.304609218436874,0.304609218436874,0.297595190380762,0.297595190380762,0.56312625250501,0.580160320641283,0.93687374749499,0.831663326653307,0.995991983967936,0.56813627254509,0.957915831663327,0.560120240480962,0.586172344689379,0.581162324649299,NA,1,1,1,1,1,1
"75",1000,1,17,TRUE,0.660910910910911,0.614614614614615,0.68968968968969,0.68968968968969,0.704204204204204,0.704204204204204,0.297297297297297,0.297297297297297,0.374874874874875,0.374874874874875,0.303803803803804,0.303803803803804,0.677677677677678,0.661661661661662,0.941441441441441,0.857357357357357,0.995995995995996,0.66966966966967,0.968968968968969,0.669169169169169,0.668668668668669,0.691191191191191,NA,1,1,1,1,1,1
"76",2000,1,17,TRUE,0.687718859429715,0.529014507253627,0.623811905952977,0.623811905952977,0.629064532266133,0.629064532266133,0.263631815907954,0.263631815907954,0.400200100050025,0.400200100050025,0.250625312656328,0.250625312656328,0.57703851925963,0.593296648324162,0.927713856928464,0.863181590795398,0.997498749374687,0.571035517758879,0.974487243621811,0.600050025012506,0.589794897448724,0.597798899449725,NA,1,1,1,1,1,1
"77",100,5,17,TRUE,0.620526315789474,0.551578947368421,0.58,0.58,0.587368421052632,0.587368421052632,0.255789473684211,0.255789473684211,0.423684210526316,0.423684210526316,0.368421052631579,0.368421052631579,0.595789473684211,0.587368421052632,0.84,0.743684210526316,0.88,0.582105263157895,0.79578947368421,0.587368421052632,0.593684210526316,0.596842105263158,NA,NA,NA,NA,NA,NA,NA
"78",500,5,17,TRUE,0.635353535353535,0.568282828282828,0.605050505050505,0.605050505050505,0.616565656565657,0.616565656565657,0.325656565656566,0.325656565656566,0.406060606060606,0.406060606060606,0.348080808080808,0.348080808080808,0.605454545454545,0.609090909090909,0.851313131313131,0.776363636363636,0.963030303030303,0.59979797979798,0.885858585858586,0.612323232323232,0.615757575757576,0.625858585858586,NA,1,1,1,1,1,1
"79",1000,5,17,TRUE,0.627537688442211,0.554773869346734,0.612562814070352,0.612562814070352,0.618592964824121,0.618592964824121,0.316381909547739,0.316381909547739,0.427437185929648,0.427437185929648,0.329346733668342,0.329346733668342,0.599698492462312,0.603467336683417,0.869748743718593,0.787035175879397,0.960603015075377,0.595778894472362,0.888241206030151,0.601909547738693,0.599899497487437,0.607537688442211,NA,1,1,1,1,1,1
"80",2000,5,17,TRUE,0.614085213032581,0.551779448621554,0.621754385964912,0.621754385964912,0.623609022556391,0.623609022556391,0.310175438596491,0.310175438596491,0.474235588972431,0.474235588972431,0.328270676691729,0.328270676691729,0.605012531328321,0.597894736842105,0.869323308270677,0.78922305764411,0.968220551378446,0.596290726817043,0.899598997493734,0.593884711779449,0.596040100250627,0.610025062656642,NA,1,1,1,1,1,1
"81",100,10,17,TRUE,0.611944444444444,0.544444444444445,0.571111111111111,0.571111111111111,0.581111111111111,0.581111111111111,0.33,0.33,0.439722222222222,0.439722222222222,0.426944444444444,0.426944444444444,0.584444444444444,0.584444444444444,0.805,0.709166666666667,0.871666666666667,0.582777777777778,0.792777777777778,0.586111111111111,0.593333333333333,0.584444444444445,NA,NA,NA,NA,NA,NA,NA
"82",500,10,17,TRUE,0.625051020408163,0.558571428571429,0.601632653061224,0.601632653061224,0.613673469387755,0.613673469387755,0.331326530612245,0.331326530612245,0.426122448979592,0.426122448979592,0.362244897959184,0.362244897959184,0.608265306122449,0.600204081632653,0.856020408163265,0.788163265306122,0.947244897959184,0.595816326530612,0.867551020408163,0.605510204081633,0.601020408163265,0.614336734693878,NA,0.999591836734694,0.999591836734694,0.999795918367347,0.999795918367347,0.999591836734694,0.999591836734694
"83",1000,10,17,TRUE,0.630151515151515,0.558686868686869,0.613737373737374,0.613737373737374,0.622474747474747,0.622474747474747,0.345959595959596,0.345959595959596,0.458686868686869,0.458686868686869,0.356969696969697,0.356969696969697,0.607929292929293,0.60489898989899,0.845353535353535,0.772979797979798,0.947525252525253,0.59969696969697,0.873535353535354,0.604292929292929,0.602626262626263,0.610252525252525,NA,0.99989898989899,0.99989898989899,0.999949494949495,0.999949494949495,0.99989898989899,0.99989898989899
"84",2000,10,17,TRUE,0.629912060301508,0.571532663316583,0.633718592964824,0.633718592964824,0.635954773869347,0.635954773869347,0.332663316582915,0.332663316582915,0.514773869346734,0.514773869346734,0.343994974874372,0.343994974874372,0.615904522613065,0.610226130653266,0.865251256281407,0.797663316582915,0.956582914572864,0.606809045226131,0.885,0.617412060301508,0.60929648241206,0.633090452261307,NA,0.999899497487437,0.999899497487437,0.999949748743719,0.999949748743719,0.999899497487437,0.999899497487437
"85",100,1,2,FALSE,0.641414141414141,0.646464646464647,0.606060606060606,0.606060606060606,0.626262626262626,0.626262626262626,0.585858585858586,0.585858585858586,0.452020202020202,0.452020202020202,0.502525252525253,0.502525252525253,0.553030303030303,0.621212121212121,0.5,0.5,NA,0.616161616161616,NA,0.590909090909091,0.555555555555556,0.560606060606061,0.646464646464647,0.646464646464647,0.646464646464647,0.646464646464647,0.646464646464647,0.646464646464647,0.646464646464647
"86",500,1,2,FALSE,0.656312625250501,0.651302605210421,0.63627254509018,0.63627254509018,0.648296593186373,0.648296593186373,0.486973947895792,0.486973947895792,0.51002004008016,0.51002004008016,0.535070140280561,0.535070140280561,0.706412825651303,0.664328657314629,0.5,0.5,NA,0.649298597194389,NA,0.69939879759519,0.652304609218437,0.603206412825651,0.650300601202405,0.651302605210421,0.651302605210421,0.651302605210421,0.651302605210421,0.651302605210421,0.651302605210421
"87",1000,1,2,FALSE,0.566816816816817,0.572072072072072,0.524524524524524,0.524524524524524,0.558058058058058,0.558058058058058,0.476476476476477,0.476476476476477,0.424674674674675,0.424674674674675,0.558308308308308,0.558308308308308,0.508008008008008,0.547047047047047,0.5,0.5,NA,0.533283283283283,NA,0.546046046046046,0.596096096096096,0.536036036036036,0.571071071071071,0.571071071071071,0.571071071071071,0.571071071071071,0.571071071071071,0.571071071071071,0.571071071071071
"88",2000,1,2,FALSE,0.665082541270635,0.662831415707854,0.679089544772386,0.679089544772386,0.673586793396698,0.673586793396698,0.461230615307654,0.461230615307654,0.440845422711356,0.440845422711356,0.611930965482741,0.611930965482741,0.613556778389195,0.680840420210105,0.5,0.5,NA,0.655077538769385,NA,0.618809404702351,0.653826913456728,0.645072536268134,0.662831415707854,0.662831415707854,0.662831415707854,0.662831415707854,0.662831415707854,0.662831415707854,0.662831415707854
"89",100,5,2,FALSE,0.586315789473684,0.586315789473684,0.588947368421053,0.588947368421053,0.594736842105263,0.594736842105263,0.522105263157895,0.522105263157895,0.515263157894737,0.515263157894737,0.534736842105263,0.534736842105263,0.565789473684211,0.565789473684211,0.5,0.5,NA,0.586315789473684,NA,0.561052631578947,0.574736842105263,0.587368421052632,0.586315789473684,0.587368421052632,0.587368421052632,0.587368421052632,0.587368421052632,0.587368421052632,0.587368421052632
"90",500,5,2,FALSE,0.597575757575758,0.595959595959596,0.587272727272727,0.587272727272727,0.596969696969697,0.596969696969697,0.498383838383838,0.498383838383838,0.484949494949495,0.484949494949495,0.564343434343434,0.564343434343434,0.591111111111111,0.571919191919192,0.5,0.5,NA,0.601818181818182,NA,0.59010101010101,0.591515151515152,0.614747474747475,0.596161616161616,0.595353535353535,0.595353535353535,0.595353535353535,0.595353535353535,0.595353535353535,0.595353535353535
"91",1000,5,2,FALSE,0.602110552763819,0.601608040201005,0.615879396984925,0.615879396984925,0.608844221105528,0.608844221105528,0.521206030150754,0.521206030150754,0.494422110552764,0.494422110552764,0.573417085427136,0.573417085427136,0.605427135678392,0.59929648241206,0.5,0.5,NA,0.606482412060301,NA,0.578894472361809,0.570301507537688,0.59964824120603,0.601407035175879,0.601306532663317,0.601306532663317,0.601306532663317,0.601306532663317,0.601306532663317,0.601306532663317
"92",2000,5,2,FALSE,0.579649122807018,0.580300751879699,0.588471177944862,0.588471177944862,0.583107769423559,0.583107769423559,0.459097744360902,0.459097744360902,0.477919799498747,0.477919799498747,0.544912280701754,0.544912280701754,0.588571428571429,0.583609022556391,0.5,0.5,NA,0.586215538847118,NA,0.582907268170426,0.559799498746867,0.583007518796993,0.580300751879699,0.580350877192982,0.580350877192982,0.580350877192982,0.580350877192982,0.580350877192982,0.580350877192982
"93",100,10,2,FALSE,0.571666666666667,0.571111111111111,0.565555555555556,0.565555555555556,0.569444444444444,0.569444444444444,0.488333333333333,0.488333333333333,0.501666666666667,0.501666666666667,0.521944444444444,0.521944444444444,0.58,0.565555555555556,0.5,0.5,NA,0.571111111111111,NA,0.577222222222222,0.578333333333333,0.566388888888889,0.571666666666667,0.571111111111111,0.571111111111111,0.571111111111111,0.571111111111111,0.571111111111111,0.571111111111111
"94",500,10,2,FALSE,0.573775510204082,0.573469387755102,0.582448979591837,0.582448979591837,0.571530612244898,0.571530612244898,0.497551020408163,0.497551020408163,0.484387755102041,0.484387755102041,0.553520408163265,0.553520408163265,0.585357142857143,0.56515306122449,0.5,0.5,NA,0.569234693877551,NA,0.57484693877551,0.579540816326531,0.586071428571429,0.573571428571429,0.573571428571429,0.573571428571429,0.573571428571429,0.573571428571429,0.573571428571429,0.573571428571429
"95",1000,10,2,FALSE,0.579090909090909,0.58,0.566313131313131,0.566313131313131,0.574393939393939,0.574393939393939,0.494545454545455,0.494545454545455,0.463535353535354,0.463535353535354,0.562929292929293,0.562929292929293,0.561111111111111,0.567878787878788,0.5,0.5,NA,0.582020202020202,NA,0.567979797979798,0.566969696969697,0.565505050505051,0.579949494949495,0.57979797979798,0.57979797979798,0.57979797979798,0.57979797979798,0.57979797979798,0.57979797979798
"96",2000,10,2,FALSE,0.587952261306533,0.587361809045226,0.595979899497487,0.595979899497487,0.594170854271357,0.594170854271357,0.487814070351759,0.487814070351759,0.469974874371859,0.469974874371859,0.56679648241206,0.56679648241206,0.587889447236181,0.586708542713568,0.5,0.5,NA,0.591356783919598,NA,0.575150753768844,0.581256281407035,0.581281407035176,0.587361809045226,0.587336683417085,0.587336683417085,0.587336683417085,0.587336683417085,0.587336683417085,0.587336683417085
"97",100,1,3,FALSE,0.651515151515152,0.656565656565657,0.742424242424242,0.742424242424242,0.737373737373737,0.737373737373737,0.656565656565657,0.656565656565657,0.666666666666667,0.666666666666667,0.702020202020202,0.702020202020202,0.707070707070707,0.676767676767677,0.691919191919192,0.631313131313131,0.727272727272727,0.707070707070707,0.772727272727273,0.712121212121212,0.681818181818182,0.762626262626263,NA,0.808080808080808,0.808080808080808,0.828282828282828,0.828282828282828,0.828282828282828,0.828282828282828
"98",500,1,3,FALSE,0.647294589178357,0.644288577154309,0.722444889779559,0.722444889779559,0.722444889779559,0.722444889779559,0.74248496993988,0.74248496993988,0.74248496993988,0.74248496993988,0.731462925851703,0.731462925851703,0.683366733466934,0.683366733466934,0.721442885771543,0.670340681362726,0.776553106212425,0.718436873747495,0.746492985971944,0.700400801603206,0.691382765531062,0.729458917835671,NA,0.829659318637274,0.829659318637274,0.835671342685371,0.835671342685371,0.842685370741483,0.842685370741483
"99",1000,1,3,FALSE,0.596096096096096,0.644144144144144,0.738238238238238,0.738238238238238,0.718718718718719,0.718718718718719,0.752752752752753,0.752752752752753,0.752752752752753,0.752752752752753,0.749249249249249,0.749249249249249,0.705205205205205,0.717717717717718,0.758758758758759,0.637137137137137,0.771771771771772,0.721721721721722,0.736736736736737,0.696196196196196,0.716216216216216,0.670670670670671,NA,0.748748748748749,0.748748748748749,0.743243243243243,0.743243243243243,0.732232232232232,0.732232232232232
"100",2000,1,3,FALSE,0.564032016008004,0.652076038019009,0.751625812906453,0.751625812906453,0.738119059529765,0.738119059529765,0.719734867433717,0.719734867433717,0.719734867433717,0.719734867433717,0.756128064032016,0.756128064032016,0.702101050525263,0.713606803401701,0.73911955977989,0.655327663831916,0.792646323161581,0.736868434217109,0.795897948974487,0.693096548274137,0.735367683841921,0.751375687843922,NA,0.7983991995998,0.7983991995998,0.798649324662331,0.798649324662331,0.809154577288644,0.809154577288644
"101",100,5,3,FALSE,0.578947368421053,0.58421052631579,0.610526315789474,0.610526315789474,0.612631578947368,0.612631578947368,0.575789473684211,0.575789473684211,0.587894736842105,0.587894736842105,0.596315789473684,0.596315789473684,0.615263157894737,0.627368421052632,0.638421052631579,0.565789473684211,0.643684210526316,0.611052631578947,0.623157894736842,0.61,0.607368421052632,0.607368421052632,NA,0.651578947368421,0.651578947368421,0.653684210526316,0.653684210526316,0.650526315789474,0.650526315789474
"102",500,5,3,FALSE,0.556464646464647,0.608888888888889,0.655151515151515,0.655151515151515,0.651313131313131,0.651313131313131,0.62989898989899,0.62989898989899,0.62989898989899,0.62989898989899,0.638989898989899,0.638989898989899,0.637878787878788,0.644040404040404,0.652929292929293,0.605858585858586,0.696565656565657,0.639393939393939,0.661616161616162,0.636969696969697,0.632525252525252,0.648282828282828,NA,0.654545454545455,0.654545454545455,0.661414141414141,0.661414141414141,0.671515151515152,0.671515151515152
"103",1000,5,3,FALSE,0.58105527638191,0.618592964824121,0.672261306532663,0.672261306532663,0.667336683417086,0.667336683417086,0.632361809045226,0.632361809045226,0.632361809045226,0.632361809045226,0.675276381909548,0.675276381909548,0.641407035175879,0.633668341708543,0.678793969849246,0.586834170854271,0.676984924623116,0.6521608040201,0.675276381909548,0.638894472361809,0.64251256281407,0.636180904522613,NA,0.679497487437186,0.679497487437186,0.680402010050251,0.680402010050251,0.684623115577889,0.684623115577889
"104",2000,5,3,FALSE,0.566842105263158,0.587368421052632,0.646817042606516,0.646817042606516,0.640501253132832,0.640501253132832,0.628170426065163,0.628170426065163,0.628170426065163,0.628170426065163,0.661052631578947,0.661052631578947,0.62937343358396,0.626115288220551,0.657142857142857,0.595238095238095,0.674185463659148,0.635187969924812,0.651177944862155,0.608020050125313,0.635513784461153,0.638295739348371,NA,0.666867167919799,0.666867167919799,0.675588972431078,0.675588972431078,0.680501253132832,0.680501253132832
"105",100,10,3,FALSE,0.581111111111111,0.583333333333333,0.621111111111111,0.621111111111111,0.617222222222222,0.617222222222222,0.604166666666667,0.604166666666667,0.606944444444445,0.606944444444445,0.601388888888889,0.601388888888889,0.606944444444445,0.619722222222222,0.648888888888889,0.5675,0.65,0.623333333333333,0.64,0.61,0.608333333333333,0.606388888888889,NA,0.640555555555556,0.640555555555556,0.643333333333333,0.643333333333333,0.631111111111111,0.631111111111111
"106",500,10,3,FALSE,0.559540816326531,0.606938775510204,0.654183673469388,0.654183673469388,0.653367346938776,0.653367346938776,0.645510204081633,0.645510204081633,0.645510204081633,0.645510204081633,0.671683673469388,0.671683673469388,0.643979591836735,0.644438775510204,0.670612244897959,0.57984693877551,0.694387755102041,0.645,0.672040816326531,0.634030612244898,0.639285714285714,0.64219387755102,NA,0.66234693877551,0.66234693877551,0.668979591836735,0.668979591836735,0.673571428571428,0.673571428571428
"107",1000,10,3,FALSE,0.549292929292929,0.588939393939394,0.628787878787879,0.628787878787879,0.626666666666667,0.626666666666667,0.632323232323232,0.632323232323232,0.632323232323232,0.632323232323232,0.643181818181818,0.643181818181818,0.606515151515151,0.606818181818182,0.651212121212121,0.584949494949495,0.656919191919192,0.621616161616162,0.642676767676768,0.612626262626263,0.602676767676768,0.62479797979798,NA,0.648383838383838,0.648383838383838,0.652070707070707,0.652070707070707,0.648585858585859,0.648585858585859
"108",2000,10,3,FALSE,0.577072864321608,0.575904522613065,0.621130653266332,0.621130653266332,0.613316582914573,0.613316582914573,0.616155778894472,0.616155778894472,0.616155778894472,0.616155778894472,0.642738693467337,0.642738693467337,0.604899497487437,0.609195979899497,0.631909547738693,0.58035175879397,0.64105527638191,0.602286432160804,0.62572864321608,0.610577889447236,0.619422110552764,0.608266331658291,NA,0.624497487437186,0.624497487437186,0.635050251256281,0.635050251256281,0.632386934673367,0.632386934673367
"109",100,1,5,FALSE,0.686868686868687,0.55050505050505,0.656565656565657,0.656565656565657,0.651515151515151,0.651515151515151,0.555555555555556,0.555555555555556,0.570707070707071,0.570707070707071,0.51010101010101,0.51010101010101,0.656565656565657,0.686868686868687,0.898989898989899,0.752525252525253,0.898989898989899,0.656565656565657,0.893939393939394,0.686868686868687,0.671717171717172,0.707070707070707,NA,0.95959595959596,0.95959595959596,0.95959595959596,0.95959595959596,0.95959595959596,0.95959595959596
"110",500,1,5,FALSE,0.624749498997996,0.632264529058116,0.745490981963928,0.745490981963928,0.725450901803607,0.725450901803607,0.74248496993988,0.74248496993988,0.719438877755511,0.719438877755511,0.690380761523046,0.690380761523046,0.67935871743487,0.643286573146293,0.855711422845691,0.811623246492986,0.922845691382766,0.693386773547094,0.906813627254509,0.698396793587174,0.721442885771543,0.755511022044088,NA,0.975951903807615,0.975951903807615,0.986973947895792,0.986973947895792,0.983967935871743,0.983967935871743
"111",1000,1,5,FALSE,0.67017017017017,0.634134134134134,0.8003003003003,0.8003003003003,0.798298298298298,0.798298298298298,0.85985985985986,0.85985985985986,0.848848848848849,0.848848848848849,0.787287287287287,0.787287287287287,0.733733733733734,0.743743743743744,0.869369369369369,0.810810810810811,0.926426426426426,0.758758758758759,0.911411411411411,0.751751751751752,0.699199199199199,0.798798798798799,NA,0.979479479479479,0.979479479479479,0.987487487487487,0.987487487487487,0.988988988988989,0.988988988988989
"112",2000,1,5,FALSE,0.689969984992496,0.639069534767384,0.830915457728864,0.830915457728864,0.793896948474237,0.793896948474237,0.860430215107554,0.860430215107554,0.844172086043022,0.844172086043022,0.854927463731866,0.854927463731866,0.710355177588794,0.687343671835918,0.915457728864432,0.792646323161581,0.944222111055528,0.744122061030515,0.922211105552776,0.722361180590295,0.71335667833917,0.770385192596298,NA,0.985992996498249,0.985992996498249,0.991995997999,0.991995997999,0.991245622811406,0.991245622811406
"113",100,5,5,FALSE,0.611578947368421,0.593684210526316,0.645263157894737,0.645263157894737,0.644210526315789,0.644210526315789,0.574736842105263,0.574736842105263,0.606315789473684,0.606315789473684,0.551578947368421,0.551578947368421,0.637894736842105,0.63421052631579,0.75,0.684210526315789,0.773684210526316,0.635263157894737,0.728421052631579,0.638947368421053,0.632105263157895,0.644736842105263,NA,0.766315789473684,0.766315789473684,0.775789473684211,0.775789473684211,0.790526315789474,0.790526315789474
"114",500,5,5,FALSE,0.603535353535354,0.587070707070707,0.671919191919192,0.671919191919192,0.65959595959596,0.65959595959596,0.682020202020202,0.682020202020202,0.681010101010101,0.681010101010101,0.633939393939394,0.633939393939394,0.63979797979798,0.649494949494949,0.74040404040404,0.681616161616162,0.772929292929293,0.635151515151515,0.730707070707071,0.646060606060606,0.638989898989899,0.655555555555556,NA,0.786464646464647,0.786464646464647,0.798181818181818,0.798181818181818,0.805656565656566,0.805656565656566
"115",1000,5,5,FALSE,0.607587939698492,0.596281407035176,0.691658291457286,0.691658291457286,0.676482412060301,0.676482412060301,0.711557788944724,0.711557788944724,0.708140703517588,0.708140703517588,0.657085427135678,0.657085427135678,0.643618090452261,0.655175879396985,0.748140703517588,0.703517587939698,0.79035175879397,0.644623115577889,0.763517587939698,0.654723618090452,0.644120603015075,0.682763819095477,NA,0.804824120603015,0.804824120603015,0.815678391959799,0.815678391959799,0.814773869346734,0.814773869346734
"116",2000,5,5,FALSE,0.598546365914787,0.596641604010025,0.711228070175439,0.711228070175439,0.69203007518797,0.69203007518797,0.748020050125313,0.748020050125313,0.727769423558897,0.727769423558897,0.711929824561404,0.711929824561404,0.651027568922306,0.64952380952381,0.765814536340852,0.700451127819549,0.792681704260652,0.654185463659148,0.770676691729323,0.666015037593985,0.663659147869674,0.675087719298246,NA,0.816842105263158,0.816842105263158,0.825764411027569,0.825764411027569,0.835037593984962,0.835037593984962
"117",100,10,5,FALSE,0.595555555555556,0.574444444444444,0.632777777777778,0.632777777777778,0.631666666666667,0.631666666666667,0.575555555555556,0.575555555555556,0.597222222222222,0.597222222222222,0.55,0.55,0.638055555555556,0.635,0.734166666666667,0.670833333333333,0.746388888888889,0.632222222222222,0.715,0.633888888888889,0.626111111111111,0.642222222222222,NA,0.727222222222222,0.727222222222222,0.742777777777778,0.742777777777778,0.751111111111111,0.751111111111111
"118",500,10,5,FALSE,0.601734693877551,0.592857142857143,0.67469387755102,0.67469387755102,0.664387755102041,0.664387755102041,0.694897959183673,0.694897959183673,0.700408163265306,0.700408163265306,0.632244897959184,0.632244897959184,0.647755102040816,0.646938775510204,0.736224489795918,0.66469387755102,0.772755102040816,0.642244897959184,0.73530612244898,0.646020408163265,0.642448979591837,0.659897959183673,NA,0.775,0.775,0.786020408163265,0.786020408163265,0.797040816326531,0.797040816326531
"119",1000,10,5,FALSE,0.580050505050505,0.572424242424242,0.656868686868687,0.656868686868687,0.642929292929293,0.642929292929293,0.725555555555556,0.725555555555556,0.72020202020202,0.72020202020202,0.66489898989899,0.66489898989899,0.62010101010101,0.628838383838384,0.738484848484849,0.699722222222222,0.763181818181818,0.621868686868687,0.718535353535354,0.632323232323232,0.622323232323232,0.653080808080808,NA,0.776767676767677,0.776767676767677,0.788131313131313,0.788131313131313,0.802474747474747,0.802474747474747
"120",2000,10,5,FALSE,0.603379396984925,0.586256281407035,0.686306532663317,0.686306532663317,0.663341708542714,0.663341708542714,0.750653266331658,0.750653266331658,0.739572864321608,0.739572864321608,0.700376884422111,0.700376884422111,0.632361809045226,0.638969849246231,0.754309045226131,0.697236180904523,0.773869346733668,0.630854271356784,0.739447236180905,0.63356783919598,0.640502512562814,0.651683417085427,NA,0.786206030150754,0.786206030150754,0.798417085427136,0.798417085427136,0.810552763819095,0.810552763819095
"121",100,1,7,FALSE,0.757575757575758,0.656565656565657,0.737373737373737,0.737373737373737,0.752525252525253,0.752525252525253,0.464646464646465,0.464646464646465,0.525252525252525,0.525252525252525,0.494949494949495,0.494949494949495,0.747474747474747,0.732323232323232,0.929292929292929,0.830808080808081,0.95959595959596,0.742424242424242,0.929292929292929,0.722222222222222,0.732323232323232,0.772727272727273,NA,1,1,1,1,1,1
"122",500,1,7,FALSE,0.731462925851703,0.617234468937876,0.7625250501002,0.7625250501002,0.759519038076152,0.759519038076152,0.695390781563126,0.695390781563126,0.783567134268537,0.783567134268537,0.547094188376753,0.547094188376753,0.705410821643287,0.688877755511022,0.940881763527054,0.831663326653307,0.975951903807615,0.717434869739479,0.948897795591182,0.698396793587174,0.725450901803607,0.784569138276553,NA,1,1,1,1,1,1
"123",1000,1,7,FALSE,0.721721721721722,0.662662662662663,0.795295295295295,0.795295295295295,0.785285285285285,0.785285285285285,0.795795795795796,0.795795795795796,0.750750750750751,0.750750750750751,0.651151151151151,0.651151151151151,0.737737737737738,0.74024024024024,0.929429429429429,0.822322322322322,0.985985985985986,0.726726726726727,0.967967967967968,0.714214214214214,0.731231231231231,0.783783783783784,NA,1,1,1,1,1,1
"124",2000,1,7,FALSE,0.634692346173086,0.580290145072536,0.775887943971986,0.775887943971986,0.753626813406703,0.753626813406703,0.856178089044522,0.856178089044522,0.831915957978989,0.831915957978989,0.608054027013507,0.608054027013507,0.66495747873937,0.665832916458229,0.909454727363682,0.823411705852926,0.975487743871936,0.673086543271636,0.952726363181591,0.682091045522761,0.663831915957979,0.713106553276638,NA,1,1,1,1,1,1
"125",100,5,7,FALSE,0.611578947368421,0.581052631578947,0.627368421052632,0.627368421052632,0.630526315789474,0.630526315789474,0.476842105263158,0.476842105263158,0.522105263157895,0.522105263157895,0.485263157894737,0.485263157894737,0.635789473684211,0.638421052631579,0.782631578947368,0.734736842105263,0.812105263157895,0.633684210526316,0.757894736842105,0.636842105263158,0.639473684210526,0.647894736842105,NA,0.850526315789474,0.850526315789474,0.869473684210526,0.869473684210526,0.873684210526316,0.873684210526316
"126",500,5,7,FALSE,0.642828282828283,0.583030303030303,0.659393939393939,0.659393939393939,0.658989898989899,0.658989898989899,0.593737373737374,0.593737373737374,0.67979797979798,0.67979797979798,0.536363636363636,0.536363636363636,0.643838383838384,0.654747474747475,0.809494949494949,0.728181818181818,0.841616161616162,0.642424242424242,0.79010101010101,0.644646464646465,0.651717171717172,0.66020202020202,NA,0.898787878787879,0.898787878787879,0.90969696969697,0.90969696969697,0.91030303030303,0.91030303030303
"127",1000,5,7,FALSE,0.643366834170854,0.589849246231156,0.67105527638191,0.67105527638191,0.666130653266332,0.666130653266332,0.664924623115578,0.664924623115578,0.724120603015075,0.724120603015075,0.582211055276382,0.582211055276382,0.642311557788945,0.650452261306533,0.789447236180905,0.728643216080402,0.833668341708543,0.635577889447236,0.793668341708543,0.640201005025126,0.646331658291457,0.65929648241206,NA,0.882914572864322,0.882914572864322,0.905427135678392,0.905427135678392,0.911256281407035,0.911256281407035
"128",2000,5,7,FALSE,0.631077694235589,0.579348370927318,0.697393483709273,0.697393483709273,0.6868671679198,0.6868671679198,0.73874686716792,0.73874686716792,0.742606516290727,0.742606516290727,0.629022556390977,0.629022556390977,0.648822055137845,0.640250626566416,0.800601503759399,0.737694235588972,0.839197994987469,0.637042606516291,0.797694235588972,0.645664160401002,0.648220551378446,0.669022556390978,NA,0.891779448621554,0.891779448621554,0.917543859649123,0.917543859649123,0.923759398496241,0.923759398496241
"129",100,10,7,FALSE,0.604722222222222,0.572777777777778,0.610555555555556,0.610555555555556,0.617777777777778,0.617777777777778,0.468888888888889,0.468888888888889,0.536111111111111,0.536111111111111,0.486388888888889,0.486388888888889,0.621666666666667,0.629444444444444,0.780833333333333,0.709166666666667,0.806944444444444,0.621111111111111,0.751666666666667,0.621666666666667,0.62,0.631111111111111,NA,0.808333333333333,0.808333333333333,0.826111111111111,0.826111111111111,0.822777777777778,0.822777777777778
"130",500,10,7,FALSE,0.623010204081633,0.578571428571429,0.653979591836735,0.653979591836735,0.653367346938776,0.653367346938776,0.609795918367347,0.609795918367347,0.67969387755102,0.67969387755102,0.554387755102041,0.554387755102041,0.63530612244898,0.631683673469388,0.789897959183673,0.736632653061224,0.824183673469388,0.635,0.782244897959184,0.633367346938775,0.64469387755102,0.659081632653061,NA,0.866326530612245,0.866326530612245,0.883061224489796,0.883061224489796,0.892551020408163,0.892551020408163
"131",1000,10,7,FALSE,0.611237373737374,0.565757575757576,0.647070707070707,0.647070707070707,0.640909090909091,0.640909090909091,0.642676767676768,0.642676767676768,0.7,0.7,0.555858585858586,0.555858585858586,0.613585858585859,0.622424242424242,0.781515151515151,0.718585858585859,0.818939393939394,0.614393939393939,0.771818181818182,0.616060606060606,0.619747474747475,0.646666666666667,NA,0.862525252525252,0.862525252525252,0.870808080808081,0.870808080808081,0.876464646464647,0.876464646464647
"132",2000,10,7,FALSE,0.604396984924623,0.576834170854271,0.679346733668342,0.679346733668342,0.664497487437186,0.664497487437186,0.713793969849246,0.713793969849246,0.721331658291457,0.721331658291457,0.614824120603015,0.614824120603015,0.628969849246231,0.636193467336683,0.790025125628141,0.733819095477387,0.827010050251256,0.632261306532663,0.779798994974874,0.634547738693467,0.627311557788945,0.654798994974874,NA,0.88248743718593,0.88248743718593,0.896407035175879,0.896407035175879,0.897814070351759,0.897814070351759
"133",100,1,9,FALSE,0.676767676767677,0.661616161616162,0.717171717171717,0.717171717171717,0.737373737373737,0.737373737373737,0.383838383838384,0.383838383838384,0.454545454545455,0.454545454545455,0.404040404040404,0.404040404040404,0.712121212121212,0.727272727272727,0.94949494949495,0.818181818181818,0.96969696969697,0.747474747474748,0.94949494949495,0.737373737373737,0.737373737373737,0.762626262626263,NA,1,1,1,1,1,1
"134",500,1,9,FALSE,0.746492985971944,0.602204408817635,0.713426853707415,0.713426853707415,0.728456913827655,0.728456913827655,0.389779559118236,0.389779559118236,0.620240480961924,0.620240480961924,0.387775551102204,0.387775551102204,0.692384769539078,0.695390781563126,0.954909819639278,0.828657314629259,0.991983967935872,0.690380761523046,0.977955911823647,0.672344689378757,0.700400801603206,0.729458917835671,NA,1,1,1,1,1,1
"135",1000,1,9,FALSE,0.722722722722723,0.636636636636637,0.765265265265265,0.765265265265265,0.772772772772773,0.772772772772773,0.57957957957958,0.57957957957958,0.768768768768769,0.768768768768769,0.493993993993994,0.493993993993994,0.688688688688689,0.724224224224224,0.934934934934935,0.846346346346346,0.987487487487487,0.701201201201201,0.963963963963964,0.717717717717718,0.713713713713714,0.751751751751752,NA,1,1,1,1,1,1
"136",2000,1,9,FALSE,0.728114057028514,0.594547273636818,0.762631315657829,0.762631315657829,0.755877938969485,0.755877938969485,0.694597298649325,0.694597298649325,0.787143571785893,0.787143571785893,0.460730365182591,0.460730365182591,0.672836418209105,0.689094547273637,0.941720860430215,0.825662831415708,0.985992996498249,0.683341670835418,0.965482741370685,0.692096048024012,0.680340170085043,0.725862931465733,NA,1,1,1,1,1,1
"137",100,5,9,FALSE,0.633157894736842,0.571578947368421,0.60421052631579,0.60421052631579,0.625263157894737,0.625263157894737,0.424210526315789,0.424210526315789,0.468421052631579,0.468421052631579,0.451578947368421,0.451578947368421,0.630526315789474,0.627368421052632,0.831578947368421,0.751578947368421,0.86,0.625263157894737,0.8,0.622105263157895,0.627368421052632,0.644736842105263,NA,0.947368421052632,0.947368421052632,0.954736842105263,0.954736842105263,0.948421052631579,0.948421052631579
"138",500,5,9,FALSE,0.622626262626263,0.568686868686869,0.633535353535354,0.633535353535354,0.645858585858586,0.645858585858586,0.451313131313131,0.451313131313131,0.597979797979798,0.597979797979798,0.443434343434343,0.443434343434343,0.618181818181818,0.625252525252525,0.828282828282828,0.766161616161616,0.86989898989899,0.620808080808081,0.811111111111111,0.622424242424242,0.619191919191919,0.655353535353535,NA,0.969090909090909,0.969090909090909,0.971111111111111,0.971111111111111,0.972727272727273,0.972727272727273
"139",1000,5,9,FALSE,0.638693467336683,0.558291457286432,0.63356783919598,0.63356783919598,0.636381909547739,0.636381909547739,0.533266331658291,0.533266331658291,0.662814070351759,0.662814070351759,0.481005025125628,0.481005025125628,0.616984924623116,0.611658291457286,0.807437185929648,0.768844221105528,0.887839195979899,0.602814070351759,0.826231155778894,0.623115577889447,0.615175879396985,0.644120603015075,NA,0.951758793969849,0.951758793969849,0.967336683417085,0.967336683417085,0.970954773869347,0.970954773869347
"140",2000,5,9,FALSE,0.62812030075188,0.573032581453634,0.666015037593985,0.666015037593985,0.662355889724311,0.662355889724311,0.609022556390977,0.609022556390977,0.724812030075188,0.724812030075188,0.505363408521303,0.505363408521303,0.637092731829574,0.637092731829574,0.830275689223058,0.764110275689223,0.893734335839599,0.629624060150376,0.834085213032582,0.634185463659148,0.637844611528822,0.655588972431078,NA,0.970075187969925,0.970075187969925,0.978145363408521,0.978145363408521,0.980651629072682,0.980651629072682
"141",100,10,9,FALSE,0.601111111111111,0.558888888888889,0.588888888888889,0.588888888888889,0.605,0.605,0.425555555555556,0.425555555555556,0.473055555555556,0.473055555555556,0.436666666666667,0.436666666666667,0.605555555555556,0.611111111111111,0.798055555555556,0.740833333333333,0.837222222222222,0.603888888888889,0.771111111111111,0.613333333333333,0.614444444444444,0.625,NA,0.880555555555556,0.880555555555556,0.897222222222222,0.897222222222222,0.901666666666667,0.901666666666667
"142",500,10,9,FALSE,0.638163265306122,0.582448979591837,0.65234693877551,0.65234693877551,0.661530612244898,0.661530612244898,0.478163265306122,0.478163265306122,0.618877551020408,0.618877551020408,0.472040816326531,0.472040816326531,0.638163265306122,0.649030612244898,0.832142857142857,0.742397959183673,0.873979591836735,0.638979591836735,0.818163265306122,0.63234693877551,0.643877551020408,0.65734693877551,NA,0.925408163265306,0.925408163265306,0.934591836734694,0.934591836734694,0.938877551020408,0.938877551020408
"143",1000,10,9,FALSE,0.653080808080808,0.589191919191919,0.662979797979798,0.662979797979798,0.665151515151515,0.665151515151515,0.558585858585859,0.558585858585859,0.674191919191919,0.674191919191919,0.516010101010101,0.516010101010101,0.636464646464646,0.641464646464647,0.818989898989899,0.73510101010101,0.881111111111111,0.63530303030303,0.835757575757576,0.643030303030303,0.637323232323232,0.656919191919192,NA,0.941111111111111,0.941111111111111,0.949949494949495,0.949949494949495,0.951212121212121,0.951212121212121
"144",2000,10,9,FALSE,0.634371859296482,0.568618090452261,0.670929648241206,0.670929648241206,0.667386934673367,0.667386934673367,0.628090452261306,0.628090452261306,0.716180904522613,0.716180904522613,0.527010050251256,0.527010050251256,0.624371859296482,0.630954773869347,0.830050251256281,0.772010050251256,0.874045226130653,0.624497487437186,0.828517587939698,0.634597989949749,0.633165829145729,0.650251256281407,NA,0.943190954773869,0.943190954773869,0.951206030150754,0.951206030150754,0.955979899497488,0.955979899497488
"145",100,1,11,FALSE,0.626262626262626,0.575757575757576,0.590909090909091,0.590909090909091,0.611111111111111,0.611111111111111,0.313131313131313,0.313131313131313,0.373737373737374,0.373737373737374,0.348484848484849,0.348484848484849,0.621212121212121,0.616161616161616,0.929292929292929,0.838383838383838,0.97979797979798,0.611111111111111,0.909090909090909,0.616161616161616,0.646464646464647,0.651515151515152,NA,1,1,1,1,1,1
"146",500,1,11,FALSE,0.712424849699399,0.606212424849699,0.672344689378757,0.672344689378757,0.704408817635271,0.704408817635271,0.357715430861723,0.357715430861723,0.541082164328657,0.541082164328657,0.377755511022044,0.377755511022044,0.667334669338677,0.67434869739479,0.929859719438878,0.801603206412826,0.985971943887776,0.656312625250501,0.963927855711423,0.665330661322645,0.668336673346693,0.706412825651303,NA,1,1,1,1,1,1
"147",1000,1,11,FALSE,0.667667667667668,0.566066066066066,0.660660660660661,0.660660660660661,0.681681681681682,0.681681681681682,0.35985985985986,0.35985985985986,0.554054054054054,0.554054054054054,0.35985985985986,0.35985985985986,0.618118118118118,0.634634634634635,0.931931931931932,0.838338338338338,0.98998998998999,0.624624624624625,0.967467467467467,0.635635635635636,0.625125125125125,0.657657657657658,NA,1,1,1,1,1,1
"148",2000,1,11,FALSE,0.671085542771386,0.576288144072036,0.725112556278139,0.725112556278139,0.728864432216108,0.728864432216108,0.463731865932966,0.463731865932966,0.733366683341671,0.733366683341671,0.402701350675338,0.402701350675338,0.689594797398699,0.661080540270135,0.933966983491746,0.850675337668834,0.987243621810906,0.675587793896948,0.965732866433217,0.667833916958479,0.685092546273137,0.712106053026513,NA,1,1,1,1,1,1
"149",100,5,11,FALSE,0.62421052631579,0.558947368421053,0.583157894736842,0.583157894736842,0.602105263157895,0.602105263157895,0.389473684210526,0.389473684210526,0.417368421052632,0.417368421052632,0.403157894736842,0.403157894736842,0.601052631578947,0.603157894736842,0.828947368421053,0.758947368421053,0.863157894736842,0.598947368421053,0.793684210526316,0.602631578947368,0.598947368421053,0.614736842105263,NA,0.955789473684211,0.955789473684211,0.964210526315789,0.964210526315789,0.963157894736842,0.963157894736842
"150",500,5,11,FALSE,0.65030303030303,0.579191919191919,0.618383838383838,0.618383838383838,0.637373737373737,0.637373737373737,0.395757575757576,0.395757575757576,0.538787878787879,0.538787878787879,0.413333333333333,0.413333333333333,0.629292929292929,0.617373737373737,0.854141414141414,0.776767676767677,0.920808080808081,0.607676767676768,0.85010101010101,0.625858585858586,0.617373737373737,0.638989898989899,NA,0.994949494949495,0.994949494949495,0.996363636363636,0.996363636363636,0.995959595959596,0.995959595959596
"151",1000,5,11,FALSE,0.638592964824121,0.582010050251256,0.647336683417085,0.647336683417085,0.657386934673367,0.657386934673367,0.435175879396985,0.435175879396985,0.615276381909548,0.615276381909548,0.435175879396985,0.435175879396985,0.631758793969849,0.637336683417085,0.831356783919598,0.771557788944724,0.921708542713568,0.627638190954774,0.862110552763819,0.630452261306533,0.634170854271357,0.659195979899498,NA,0.992663316582915,0.992663316582915,0.99427135678392,0.99427135678392,0.995175879396985,0.995175879396985
"152",2000,5,11,FALSE,0.644887218045113,0.576441102756892,0.655338345864662,0.655338345864662,0.656691729323308,0.656691729323308,0.493533834586466,0.493533834586466,0.693583959899749,0.693583959899749,0.468320802005013,0.468320802005013,0.634987468671679,0.624110275689223,0.844511278195489,0.772832080200501,0.931328320802005,0.63203007518797,0.882355889724311,0.630676691729323,0.628872180451128,0.651729323308271,NA,0.996591478696742,0.996591478696742,0.997994987468672,0.997994987468672,0.997794486215539,0.997794486215539
"153",100,10,11,FALSE,0.605555555555556,0.552222222222222,0.578333333333333,0.578333333333333,0.596666666666667,0.596666666666667,0.392777777777778,0.392777777777778,0.437777777777778,0.437777777777778,0.416666666666667,0.416666666666667,0.601111111111111,0.593888888888889,0.816388888888889,0.745,0.866944444444445,0.597777777777778,0.790555555555556,0.596111111111111,0.588333333333333,0.604444444444444,NA,0.93,0.93,0.934444444444444,0.934444444444444,0.935,0.935
"154",500,10,11,FALSE,0.625102040816327,0.557857142857143,0.606326530612245,0.606326530612245,0.623469387755102,0.623469387755102,0.403469387755102,0.403469387755102,0.547142857142857,0.547142857142857,0.422448979591837,0.422448979591837,0.607142857142857,0.605408163265306,0.831122448979592,0.760612244897959,0.903367346938776,0.604489795918367,0.833469387755102,0.605204081632653,0.607142857142857,0.629183673469388,NA,0.959081632653061,0.959081632653061,0.969489795918367,0.969489795918367,0.971326530612245,0.971326530612245
"155",1000,10,11,FALSE,0.639823232323232,0.572626262626263,0.638535353535354,0.638535353535354,0.648585858585859,0.648585858585859,0.439494949494949,0.439494949494949,0.612626262626263,0.612626262626263,0.439494949494949,0.439494949494949,0.620656565656566,0.627525252525253,0.840555555555556,0.773838383838384,0.903434343434343,0.622222222222222,0.842525252525253,0.623535353535353,0.624545454545455,0.643585858585859,NA,0.976313131313131,0.976313131313131,0.982272727272727,0.982272727272727,0.982777777777778,0.982777777777778
"156",2000,10,11,FALSE,0.612738693467337,0.556582914572864,0.625201005025126,0.625201005025126,0.627462311557789,0.627462311557789,0.466708542713568,0.466708542713568,0.644346733668342,0.644346733668342,0.436030150753769,0.436030150753769,0.594120603015075,0.593618090452261,0.83572864321608,0.769597989949749,0.890276381909548,0.591758793969849,0.834748743718593,0.597562814070352,0.592386934673367,0.621934673366834,NA,0.976005025125628,0.976005025125628,0.980904522613065,0.980904522613065,0.982613065326633,0.982613065326633
"157",100,1,17,FALSE,0.676767676767677,0.53030303030303,0.570707070707071,0.570707070707071,0.585858585858586,0.585858585858586,0.0404040404040404,0.0404040404040404,0.363636363636364,0.363636363636364,0.313131313131313,0.313131313131313,0.590909090909091,0.585858585858586,0.929292929292929,0.858585858585859,0.97979797979798,0.590909090909091,0.909090909090909,0.595959595959596,0.590909090909091,0.611111111111111,NA,NA,NA,NA,NA,NA,NA
"158",500,1,17,FALSE,0.736472945891784,0.584168336673347,0.680360721442886,0.680360721442886,0.695390781563126,0.695390781563126,0.248496993987976,0.248496993987976,0.311623246492986,0.311623246492986,0.281563126252505,0.281563126252505,0.672344689378757,0.678356713426854,0.956913827655311,0.845691382765531,0.993987975951904,0.664328657314629,0.976953907815631,0.669338677354709,0.661322645290581,0.671342685370741,NA,1,1,1,1,1,1
"159",1000,1,17,FALSE,0.616616616616617,0.513513513513514,0.578578578578579,0.578578578578579,0.591591591591592,0.591591591591592,0.198698698698699,0.198698698698699,0.283783783783784,0.283783783783784,0.238738738738739,0.238738738738739,0.567067067067067,0.576076076076076,0.963963963963964,0.862862862862863,0.995995995995996,0.561561561561562,0.970970970970971,0.563563563563564,0.581081081081081,0.582582582582583,NA,1,1,1,1,1,1
"160",2000,1,17,FALSE,0.696223111555778,0.592046023011506,0.698599299649825,0.698599299649825,0.701100550275138,0.701100550275138,0.274387193596798,0.274387193596798,0.425462731365683,0.425462731365683,0.279889944972486,0.279889944972486,0.645572786393197,0.647073536768384,0.955977988994497,0.869434717358679,0.998749374687344,0.65607803901951,0.983991995997999,0.659829914957479,0.662831415707854,0.680090045022511,NA,1,1,1,1,1,1
"161",100,5,17,FALSE,0.632631578947368,0.556842105263158,0.575789473684211,0.575789473684211,0.589473684210526,0.589473684210526,0.231578947368421,0.231578947368421,0.384210526315789,0.384210526315789,0.354736842105263,0.354736842105263,0.598421052631579,0.589473684210526,0.845263157894737,0.789473684210526,0.909473684210526,0.603157894736842,0.825263157894737,0.59,0.591578947368421,0.593684210526316,NA,NA,NA,NA,NA,NA,NA
"162",500,5,17,FALSE,0.628484848484848,0.563838383838384,0.606262626262626,0.606262626262626,0.617373737373737,0.617373737373737,0.315555555555556,0.315555555555556,0.37979797979798,0.37979797979798,0.323030303030303,0.323030303030303,0.603030303030303,0.61010101010101,0.852727272727273,0.785656565656566,0.960808080808081,0.602222222222222,0.885050505050505,0.602424242424242,0.601818181818182,0.62040404040404,NA,1,1,1,1,1,1
"163",1000,5,17,FALSE,0.629346733668342,0.565829145728643,0.607738693467337,0.607738693467337,0.614874371859296,0.614874371859296,0.309949748743719,0.309949748743719,0.40713567839196,0.40713567839196,0.325527638190955,0.325527638190955,0.597386934673367,0.598994974874372,0.872763819095477,0.794874371859297,0.966733668341708,0.59678391959799,0.899095477386935,0.611356783919598,0.605929648241206,0.614572864321608,NA,1,1,1,1,1,1
"164",2000,5,17,FALSE,0.630827067669173,0.557944862155388,0.618045112781955,0.618045112781955,0.620852130325815,0.620852130325815,0.315839598997494,0.315839598997494,0.47609022556391,0.47609022556391,0.333583959899749,0.333583959899749,0.602556390977444,0.596390977443609,0.859348370927318,0.784210526315789,0.967568922305764,0.591027568922306,0.903258145363409,0.596190476190476,0.601704260651629,0.612380952380952,NA,1,1,1,1,1,1
"165",100,10,17,FALSE,0.622777777777778,0.568888888888889,0.593333333333333,0.593333333333333,0.606111111111111,0.606111111111111,0.298888888888889,0.298888888888889,0.408055555555556,0.408055555555556,0.379444444444444,0.379444444444444,0.605555555555556,0.615555555555556,0.846666666666667,0.769166666666667,0.895,0.610555555555556,0.811666666666667,0.609444444444444,0.606666666666667,0.615,NA,NA,NA,NA,NA,NA,NA
"166",500,10,17,FALSE,0.636989795918367,0.56530612244898,0.60530612244898,0.60530612244898,0.614183673469388,0.614183673469388,0.318571428571429,0.318571428571429,0.397959183673469,0.397959183673469,0.334897959183673,0.334897959183673,0.608877551020408,0.60530612244898,0.847908163265306,0.775714285714286,0.938673469387755,0.599591836734694,0.863469387755102,0.60265306122449,0.60234693877551,0.615816326530612,NA,0.99969387755102,0.99969387755102,0.999795918367347,0.999795918367347,0.999591836734694,0.999591836734694
"167",1000,10,17,FALSE,0.635,0.565505050505051,0.617777777777778,0.617777777777778,0.625353535353535,0.625353535353535,0.317777777777778,0.317777777777778,0.420959595959596,0.420959595959596,0.331414141414141,0.331414141414141,0.607121212121212,0.606717171717172,0.857373737373737,0.787272727272727,0.951818181818182,0.598737373737374,0.881969696969697,0.604545454545454,0.605353535353535,0.62010101010101,NA,0.99979797979798,0.99979797979798,0.99989898989899,0.99989898989899,0.99979797979798,0.99979797979798
"168",2000,10,17,FALSE,0.632110552763819,0.547914572864322,0.610854271356784,0.610854271356784,0.612939698492462,0.612939698492462,0.321532663316583,0.321532663316583,0.48105527638191,0.48105527638191,0.329899497487437,0.329899497487437,0.589924623115578,0.591708542713568,0.855929648241206,0.779195979899498,0.953718592964824,0.583793969849246,0.873668341708543,0.592613065326633,0.592939698492462,0.606180904522613,NA,0.999899497487437,0.999899497487437,0.999899497487437,0.999899497487437,0.999874371859297,0.999874371859297
