"","auc(roc_Loo_multi)","auc(roc_Loo)","auc(roc_KNN_log_N_P)","auc(roc_KNN_log_N_P_diff_net)","auc(roc_KNN_5_sqrt_N)","auc(roc_KNN_5_sqrt_N_diff_net)","auc(roc_optics_k_mean)","auc(roc_optics_k_mean_diff_net)","auc(roc_optics_k_5)","auc(roc_optics_k_5_diff_net)","auc(roc_optics_sqrt_n)","auc(roc_optics_sqrt_n_diff_net)","auc(roc_OTS)","auc(roc_OTS_diff_net)","auc(roc_OTS_cosine)","auc(roc_OTS_diff_net_cosine)","auc(roc_OTS_cosine_med)","auc(roc_OTS_euc_med)","auc(roc_OTS_glob_avg_OTS)","auc(roc_spoutlier)","auc(roc_spoutlier_diff_net)","auc(roc_spoutlier_diff_net_norm)","auc_DPCC","auc(roc_cook_max)","auc(roc_cook_max_diff_net)","auc(roc_cook_avg)","auc(roc_cook_avg_diff_net)","auc(roc_cook_med)","auc(roc_cook_med_diff_net)","NA","NA","NA","NA"
"1",100,1,2,TRUE,0.666666666666667,0.666666666666667,0.651515151515152,0.651515151515152,0.656565656565657,0.656565656565657,0.545454545454545,0.545454545454545,0.515151515151515,0.515151515151515,0.575757575757576,0.575757575757576,0.646464646464647,0.636363636363636,0.5,0.5,NA,0.656565656565657,NA,0.626262626262626,0.616161616161616,0.656565656565657,0.666666666666667,0.666666666666667,0.666666666666667,0.666666666666667,0.666666666666667,0.666666666666667,0.666666666666667
"2",500,1,2,TRUE,0.629258517034068,0.629258517034068,0.589178356713427,0.589178356713427,0.64128256513026,0.64128256513026,0.394789579158317,0.394789579158317,0.458917835671343,0.458917835671343,0.605210420841683,0.605210420841683,0.635270541082164,0.603206412825651,0.5,0.5,NA,0.629258517034068,NA,0.591182364729459,0.57314629258517,0.569138276553106,0.629258517034068,0.629258517034068,0.629258517034068,0.629258517034068,0.629258517034068,0.629258517034068,0.629258517034068
"3",1000,1,2,TRUE,0.617617617617618,0.618618618618619,0.646646646646647,0.646646646646647,0.631631631631632,0.631631631631632,0.491491491491492,0.491491491491492,0.466966966966967,0.466966966966967,0.597597597597598,0.597597597597598,0.675675675675676,0.594594594594595,0.5,0.5,NA,0.63013013013013,NA,0.591591591591592,0.613613613613614,0.605605605605606,0.618618618618619,0.618618618618619,0.618618618618619,0.618618618618619,0.618618618618619,0.618618618618619,0.618618618618619
"4",2000,1,2,TRUE,0.55727863931966,0.558279139569785,0.592296148074037,0.592296148074037,0.580290145072536,0.580290145072536,0.413706853426713,0.413706853426713,0.372686343171586,0.372686343171586,0.605802901450725,0.605802901450725,0.574787393696848,0.580790395197599,0.5,0.5,NA,0.550525262631316,NA,0.595797898949475,0.624812406203102,0.556778389194597,0.558279139569785,0.558279139569785,0.558279139569785,0.558279139569785,0.558279139569785,0.558279139569785,0.558279139569785
"5",100,5,2,TRUE,0.549473684210526,0.549473684210526,0.547368421052632,0.547368421052632,0.545263157894737,0.545263157894737,0.495789473684211,0.495789473684211,0.469473684210526,0.469473684210526,0.515789473684211,0.515789473684211,0.551578947368421,0.561052631578947,0.5,0.5,NA,0.547368421052632,NA,0.55578947368421,0.533684210526316,0.550526315789474,0.551578947368421,0.549473684210526,0.549473684210526,0.549473684210526,0.549473684210526,0.549473684210526,0.549473684210526
"6",500,5,2,TRUE,0.581212121212121,0.58020202020202,0.583434343434343,0.583434343434343,0.585454545454545,0.585454545454545,0.489494949494949,0.489494949494949,0.504646464646465,0.504646464646465,0.52969696969697,0.52969696969697,0.57979797979798,0.578989898989899,0.5,0.5,NA,0.579393939393939,NA,0.578787878787879,0.585454545454545,0.575353535353535,0.58020202020202,0.58020202020202,0.58020202020202,0.58020202020202,0.58020202020202,0.58020202020202,0.58020202020202
"7",1000,5,2,TRUE,0.586231155778895,0.587336683417085,0.57748743718593,0.57748743718593,0.58572864321608,0.58572864321608,0.475778894472362,0.475778894472362,0.477185929648241,0.477185929648241,0.557889447236181,0.557889447236181,0.605427135678392,0.569246231155779,0.5,0.5,NA,0.585025125628141,NA,0.581507537688442,0.574874371859296,0.591356783919598,0.587336683417085,0.587336683417085,0.587336683417085,0.587336683417085,0.587336683417085,0.587336683417085,0.587336683417085
"8",2000,5,2,TRUE,0.587418546365915,0.586766917293233,0.575338345864662,0.575338345864662,0.589573934837093,0.589573934837093,0.489022556390977,0.489022556390977,0.472882205513784,0.472882205513784,0.54671679197995,0.54671679197995,0.582255639097744,0.587268170426065,0.5,0.5,NA,0.58406015037594,NA,0.583959899749373,0.588471177944862,0.582255639097744,0.586967418546366,0.586967418546366,0.586967418546366,0.586967418546366,0.586967418546366,0.586967418546366,0.586967418546366
"9",100,10,2,TRUE,0.574444444444444,0.574444444444444,0.571666666666667,0.571666666666667,0.575555555555556,0.575555555555556,0.491111111111111,0.491111111111111,0.494444444444444,0.494444444444444,0.538888888888889,0.538888888888889,0.567222222222222,0.572777777777778,0.5,0.5,NA,0.555555555555556,NA,0.571111111111111,0.565,0.563333333333333,0.574444444444444,0.573333333333333,0.573333333333333,0.573333333333333,0.573333333333333,0.573333333333333,0.573333333333333
"10",500,10,2,TRUE,0.55765306122449,0.56,0.563673469387755,0.563673469387755,0.568775510204082,0.568775510204082,0.494489795918367,0.494489795918367,0.474285714285714,0.474285714285714,0.553979591836735,0.553979591836735,0.565510204081633,0.562244897959184,0.5,0.5,NA,0.571632653061224,NA,0.559183673469388,0.561428571428571,0.551428571428571,0.559591836734694,0.559795918367347,0.559795918367347,0.559795918367347,0.559795918367347,0.559795918367347,0.559795918367347
"11",1000,10,2,TRUE,0.576969696969697,0.576969696969697,0.567171717171717,0.567171717171717,0.572424242424242,0.572424242424242,0.466313131313131,0.466313131313131,0.478636363636364,0.478636363636364,0.541969696969697,0.541969696969697,0.583636363636364,0.562929292929293,0.5,0.5,NA,0.575808080808081,NA,0.564444444444444,0.571414141414141,0.564343434343434,0.576969696969697,0.576969696969697,0.576969696969697,0.576969696969697,0.576969696969697,0.576969696969697,0.576969696969697
"12",2000,10,2,TRUE,0.578015075376884,0.578140703517588,0.579698492462312,0.579698492462312,0.585326633165829,0.585326633165829,0.462989949748744,0.462989949748744,0.456959798994975,0.456959798994975,0.544798994974874,0.544798994974874,0.576582914572864,0.571105527638191,0.5,0.5,NA,0.580954773869347,NA,0.582914572864322,0.556934673366834,0.572763819095477,0.578140703517588,0.578190954773869,0.578190954773869,0.578190954773869,0.578190954773869,0.578190954773869,0.578190954773869
"13",100,1,3,TRUE,0.666666666666667,0.676767676767677,0.777777777777778,0.777777777777778,0.757575757575758,0.757575757575758,0.666666666666667,0.666666666666667,0.686868686868687,0.686868686868687,0.707070707070707,0.707070707070707,0.686868686868687,0.747474747474748,0.732323232323232,0.621212121212121,0.797979797979798,0.747474747474748,0.787878787878788,0.727272727272727,0.717171717171717,0.767676767676768,NA,0.818181818181818,0.818181818181818,0.828282828282828,0.828282828282828,0.818181818181818,0.818181818181818
"14",500,1,3,TRUE,0.599198396793587,0.639278557114228,0.745490981963928,0.745490981963928,0.725450901803607,0.725450901803607,0.691382765531062,0.691382765531062,0.691382765531062,0.691382765531062,0.769539078156313,0.769539078156313,0.693386773547094,0.731462925851703,0.753507014028056,0.637274549098196,0.745490981963928,0.713426853707415,0.735470941883767,0.719438877755511,0.725450901803607,0.723446893787575,NA,0.791583166332665,0.791583166332665,0.793587174348697,0.793587174348697,0.807615230460922,0.807615230460922
"15",1000,1,3,TRUE,0.573573573573574,0.632632632632633,0.740740740740741,0.740740740740741,0.720720720720721,0.720720720720721,0.691691691691692,0.691691691691692,0.691691691691692,0.691691691691692,0.743743743743744,0.743743743743744,0.693693693693694,0.663663663663664,0.77977977977978,0.656656656656657,0.788788788788789,0.6996996996997,0.753753753753754,0.703703703703704,0.672672672672673,0.702702702702703,NA,0.7997997997998,0.7997997997998,0.80980980980981,0.80980980980981,0.787787787787788,0.787787787787788
"16",2000,1,3,TRUE,0.602301150575288,0.630815407703852,0.707853926963482,0.707853926963482,0.697848924462231,0.697848924462231,0.687843921960981,0.687843921960981,0.687843921960981,0.687843921960981,0.700350175087544,0.700350175087544,0.678339169584792,0.670335167583792,0.728864432216108,0.60280140070035,0.72336168084042,0.689844922461231,0.699349674837419,0.698849424712356,0.696848424212106,0.690845422711356,NA,0.740370185092546,0.740370185092546,0.728364182091045,0.728364182091045,0.722361180590295,0.722361180590295
"17",100,5,3,TRUE,0.576842105263158,0.597894736842105,0.633684210526316,0.633684210526316,0.629473684210526,0.629473684210526,0.604210526315789,0.604210526315789,0.602105263157895,0.602105263157895,0.602105263157895,0.602105263157895,0.632631578947368,0.629473684210526,0.672631578947368,0.586315789473684,0.650526315789474,0.641052631578947,0.652631578947368,0.64,0.618947368421053,0.642105263157895,NA,0.656842105263158,0.656842105263158,0.656842105263158,0.656842105263158,0.658947368421053,0.658947368421053
"18",500,5,3,TRUE,0.607070707070707,0.604444444444444,0.663838383838384,0.663838383838384,0.65050505050505,0.65050505050505,0.638585858585859,0.638585858585859,0.638585858585859,0.638585858585859,0.669494949494949,0.669494949494949,0.633535353535354,0.64040404040404,0.676363636363636,0.584444444444444,0.678787878787879,0.647676767676768,0.661818181818182,0.642424242424242,0.64,0.640606060606061,NA,0.670707070707071,0.670707070707071,0.671515151515152,0.671515151515152,0.669494949494949,0.669494949494949
"19",1000,5,3,TRUE,0.54572864321608,0.57427135678392,0.622713567839196,0.622713567839196,0.616281407035176,0.616281407035176,0.612060301507538,0.612060301507538,0.612060301507538,0.612060301507538,0.647638190954774,0.647638190954774,0.608140703517588,0.614472361809045,0.637989949748744,0.583718592964824,0.646030150753769,0.614472361809045,0.636582914572864,0.603819095477387,0.600603015075377,0.620502512562814,NA,0.637788944723618,0.637788944723618,0.647035175879397,0.647035175879397,0.646231155778894,0.646231155778894
"20",2000,5,3,TRUE,0.572731829573935,0.602105263157895,0.654135338345865,0.654135338345865,0.644812030075188,0.644812030075188,0.617142857142857,0.617142857142857,0.617142857142857,0.617142857142857,0.678796992481203,0.678796992481203,0.621353383458647,0.627067669172932,0.646115288220551,0.588170426065163,0.661553884711779,0.646315789473684,0.660350877192982,0.629172932330827,0.62937343358396,0.637393483709273,NA,0.666265664160401,0.666265664160401,0.662957393483709,0.662957393483709,0.665363408521303,0.665363408521303
"21",100,10,3,TRUE,0.55,0.573333333333333,0.605555555555556,0.605555555555556,0.601111111111111,0.601111111111111,0.605555555555556,0.605555555555556,0.608888888888889,0.608888888888889,0.606111111111111,0.606111111111111,0.597777777777778,0.598333333333333,0.633333333333333,0.579444444444444,0.636666666666667,0.61,0.628888888888889,0.596666666666667,0.601666666666667,0.605555555555556,NA,0.615555555555556,0.615555555555556,0.62,0.62,0.623333333333333,0.623333333333333
"22",500,10,3,TRUE,0.566224489795918,0.589387755102041,0.641836734693878,0.641836734693878,0.640204081632653,0.640204081632653,0.632551020408163,0.632551020408163,0.632551020408163,0.632551020408163,0.661836734693878,0.661836734693878,0.62734693877551,0.628877551020408,0.66030612244898,0.584081632653061,0.688367346938776,0.624897959183674,0.656530612244898,0.618775510204082,0.608775510204082,0.631428571428571,NA,0.658163265306122,0.658163265306122,0.664285714285714,0.664285714285714,0.667142857142857,0.667142857142857
"23",1000,10,3,TRUE,0.558030303030303,0.585858585858586,0.62979797979798,0.62979797979798,0.627676767676768,0.627676767676768,0.611212121212121,0.611212121212121,0.611212121212121,0.611212121212121,0.654040404040404,0.654040404040404,0.621717171717172,0.62010101010101,0.647171717171717,0.593535353535354,0.646565656565657,0.62030303030303,0.638383838383838,0.611212121212121,0.62979797979798,0.626363636363636,NA,0.646464646464647,0.646464646464647,0.653838383838384,0.653838383838384,0.65969696969697,0.65969696969697
"24",2000,10,3,TRUE,0.560502512562814,0.599849246231156,0.644773869346734,0.644773869346734,0.639145728643216,0.639145728643216,0.616582914572864,0.616582914572864,0.616582914572864,0.616582914572864,0.663015075376884,0.663015075376884,0.630452261306533,0.633015075376884,0.64929648241206,0.556733668341709,0.675477386934673,0.632412060301508,0.66105527638191,0.62427135678392,0.626532663316583,0.63678391959799,NA,0.659698492462312,0.659698492462312,0.664673366834171,0.664673366834171,0.657587939698492,0.657587939698492
"25",100,1,5,TRUE,0.656565656565657,0.626262626262626,0.717171717171717,0.717171717171717,0.717171717171717,0.717171717171717,0.595959595959596,0.595959595959596,0.646464646464647,0.646464646464647,0.525252525252525,0.525252525252525,0.696969696969697,0.707070707070707,0.898989898989899,0.803030303030303,0.929292929292929,0.707070707070707,0.888888888888889,0.707070707070707,0.727272727272727,0.737373737373737,NA,0.94949494949495,0.94949494949495,0.96969696969697,0.96969696969697,0.96969696969697,0.96969696969697
"26",500,1,5,TRUE,0.687374749498998,0.697394789579158,0.81563126252505,0.81563126252505,0.803607214428858,0.803607214428858,0.803607214428858,0.803607214428858,0.791583166332665,0.791583166332665,0.751503006012024,0.751503006012024,0.775551102204409,0.753507014028056,0.867735470941884,0.759519038076152,0.923847695390782,0.763527054108216,0.923847695390782,0.791583166332665,0.783567134268537,0.777555110220441,NA,0.979959919839679,0.979959919839679,0.983967935871743,0.983967935871743,0.985971943887776,0.985971943887776
"27",1000,1,5,TRUE,0.63963963963964,0.620620620620621,0.817817817817818,0.817817817817818,0.773773773773774,0.773773773773774,0.832832832832833,0.832832832832833,0.835835835835836,0.835835835835836,0.73973973973974,0.73973973973974,0.745745745745746,0.732732732732733,0.904904904904905,0.811811811811812,0.947947947947948,0.720720720720721,0.920920920920921,0.721721721721722,0.727727727727728,0.758758758758759,NA,0.978978978978979,0.978978978978979,0.983983983983984,0.983983983983984,0.972972972972973,0.972972972972973
"28",2000,1,5,TRUE,0.720860430215108,0.690345172586293,0.857428714357179,0.857428714357179,0.818409204602301,0.818409204602301,0.890445222611306,0.890445222611306,0.850925462731366,0.850925462731366,0.850425212606303,0.850425212606303,0.770385192596298,0.784392196098049,0.881940970485243,0.793896948474237,0.951975987993997,0.767383691845923,0.944472236118059,0.753376688344172,0.769384692346173,0.776388194097049,NA,0.993496748374187,0.993496748374187,0.995497748874437,0.995497748874437,0.994497248624312,0.994497248624312
"29",100,5,5,TRUE,0.585263157894737,0.574736842105263,0.631578947368421,0.631578947368421,0.629473684210526,0.629473684210526,0.568421052631579,0.568421052631579,0.589473684210526,0.589473684210526,0.547368421052632,0.547368421052632,0.635789473684211,0.614736842105263,0.734736842105263,0.67578947368421,0.761052631578947,0.633684210526316,0.722105263157895,0.627368421052632,0.631578947368421,0.636842105263158,NA,0.753684210526316,0.753684210526316,0.764210526315789,0.764210526315789,0.781052631578947,0.781052631578947
"30",500,5,5,TRUE,0.572525252525253,0.573333333333333,0.644444444444444,0.644444444444444,0.632727272727273,0.632727272727273,0.693737373737374,0.693737373737374,0.700808080808081,0.700808080808081,0.613333333333333,0.613333333333333,0.623838383838384,0.627474747474748,0.742222222222222,0.712727272727273,0.777777777777778,0.61010101010101,0.72969696969697,0.62989898989899,0.623030303030303,0.646262626262626,NA,0.791515151515152,0.791515151515152,0.80040404040404,0.80040404040404,0.811313131313131,0.811313131313131
"31",1000,5,5,TRUE,0.62964824120603,0.594572864321608,0.695879396984925,0.695879396984925,0.674773869346734,0.674773869346734,0.722211055276382,0.722211055276382,0.732060301507538,0.732060301507538,0.669346733668342,0.669346733668342,0.644824120603015,0.64643216080402,0.775879396984925,0.714572864321608,0.7921608040201,0.650251256281407,0.758391959798995,0.655477386934673,0.64643216080402,0.678391959798995,NA,0.8078391959799,0.8078391959799,0.81427135678392,0.81427135678392,0.824120603015075,0.824120603015075
"32",2000,5,5,TRUE,0.610175438596491,0.600200501253133,0.697944862155388,0.697944862155388,0.682005012531328,0.682005012531328,0.76280701754386,0.76280701754386,0.753684210526316,0.753684210526316,0.706365914786967,0.706365914786967,0.659047619047619,0.638095238095238,0.748571428571429,0.717694235588972,0.783659147869674,0.648721804511278,0.757694235588972,0.64812030075188,0.650325814536341,0.682606516290727,NA,0.822556390977444,0.822556390977444,0.824862155388471,0.824862155388471,0.837593984962406,0.837593984962406
"33",100,10,5,TRUE,0.577777777777778,0.561111111111111,0.598888888888889,0.598888888888889,0.596666666666667,0.596666666666667,0.567777777777778,0.567777777777778,0.585555555555556,0.585555555555556,0.543333333333333,0.543333333333333,0.606666666666667,0.600555555555556,0.695555555555556,0.648333333333333,0.724444444444444,0.605555555555556,0.694444444444444,0.602222222222222,0.600555555555556,0.616111111111111,NA,0.693333333333333,0.693333333333333,0.707777777777778,0.707777777777778,0.714444444444444,0.714444444444444
"34",500,10,5,TRUE,0.593979591836735,0.567959183673469,0.640204081632653,0.640204081632653,0.629387755102041,0.629387755102041,0.694285714285714,0.694285714285714,0.69530612244898,0.69530612244898,0.635918367346939,0.635918367346939,0.624285714285714,0.614897959183674,0.749387755102041,0.69265306122449,0.768571428571429,0.61469387755102,0.723265306122449,0.626326530612245,0.621632653061225,0.635714285714286,NA,0.761224489795918,0.761224489795918,0.771428571428571,0.771428571428571,0.785102040816327,0.785102040816327
"35",1000,10,5,TRUE,0.60010101010101,0.595959595959596,0.676464646464646,0.676464646464646,0.664747474747475,0.664747474747475,0.73969696969697,0.73969696969697,0.727575757575758,0.727575757575758,0.673939393939394,0.673939393939394,0.646262626262626,0.643535353535354,0.764545454545455,0.68969696969697,0.780707070707071,0.641919191919192,0.747878787878788,0.643636363636364,0.642828282828283,0.673636363636364,NA,0.799292929292929,0.799292929292929,0.810505050505051,0.810505050505051,0.818484848484848,0.818484848484848
"36",2000,10,5,TRUE,0.602412060301508,0.582412060301507,0.686180904522613,0.686180904522613,0.668190954773869,0.668190954773869,0.754572864321608,0.754572864321608,0.737437185929648,0.737437185929648,0.707386934673367,0.707386934673367,0.63748743718593,0.637336683417085,0.764673366834171,0.692060301507538,0.789547738693467,0.640552763819095,0.754673366834171,0.640452261306533,0.641557788944724,0.660552763819095,NA,0.789597989949749,0.789597989949749,0.807688442211055,0.807688442211055,0.818643216080402,0.818643216080402
"37",100,1,7,TRUE,0.666666666666667,0.555555555555556,0.616161616161616,0.616161616161616,0.616161616161616,0.616161616161616,0.383838383838384,0.383838383838384,0.474747474747475,0.474747474747475,0.404040404040404,0.404040404040404,0.636363636363636,0.636363636363636,0.919191919191919,0.777777777777778,0.94949494949495,0.616161616161616,0.919191919191919,0.656565656565657,0.636363636363636,0.676767676767677,NA,1,1,1,1,1,1
"38",500,1,7,TRUE,0.651302605210421,0.609218436873748,0.727454909819639,0.727454909819639,0.727454909819639,0.727454909819639,0.619238476953908,0.619238476953908,0.709418837675351,0.709418837675351,0.555110220440882,0.555110220440882,0.697394789579158,0.68937875751503,0.897795591182365,0.797595190380762,0.965931863727455,0.687374749498998,0.933867735470942,0.701402805611222,0.701402805611222,0.753507014028056,NA,1,1,1,1,1,1
"39",1000,1,7,TRUE,0.562562562562563,0.57957957957958,0.703703703703704,0.703703703703704,0.691691691691692,0.691691691691692,0.695695695695696,0.695695695695696,0.741741741741742,0.741741741741742,0.525525525525526,0.525525525525526,0.650650650650651,0.63963963963964,0.868868868868869,0.803803803803804,0.945945945945946,0.652652652652653,0.931931931931932,0.655655655655656,0.642642642642643,0.685685685685686,NA,0.998998998998999,0.998998998998999,1,1,0.998998998998999,0.998998998998999
"40",2000,1,7,TRUE,0.660830415207604,0.570285142571286,0.744372186093047,0.744372186093047,0.720860430215108,0.720860430215108,0.801400700350175,0.801400700350175,0.822911455727864,0.822911455727864,0.652326163081541,0.652326163081541,0.642821410705353,0.656328164082041,0.915957978989495,0.787893946973487,0.95247623811906,0.650825412706353,0.925962981490745,0.658329164582291,0.652326163081541,0.693846923461731,NA,1,1,1,1,1,1
"41",100,5,7,TRUE,0.614736842105263,0.570526315789474,0.610526315789474,0.610526315789474,0.618947368421053,0.618947368421053,0.471578947368421,0.471578947368421,0.524210526315789,0.524210526315789,0.490526315789474,0.490526315789474,0.631578947368421,0.621052631578947,0.782105263157895,0.7,0.802105263157895,0.618947368421053,0.743157894736842,0.623157894736842,0.623157894736842,0.64,NA,0.844210526315789,0.844210526315789,0.856842105263158,0.856842105263158,0.861052631578947,0.861052631578947
"42",500,5,7,TRUE,0.641212121212121,0.565656565656566,0.65010101010101,0.65010101010101,0.649292929292929,0.649292929292929,0.582222222222222,0.582222222222222,0.685656565656566,0.685656565656566,0.528888888888889,0.528888888888889,0.634949494949495,0.631111111111111,0.790707070707071,0.744646464646465,0.834747474747475,0.626666666666667,0.792727272727273,0.633131313131313,0.632727272727273,0.663838383838384,NA,0.894545454545455,0.894545454545455,0.917171717171717,0.917171717171717,0.925656565656566,0.925656565656566
"43",1000,5,7,TRUE,0.628040201005025,0.58251256281407,0.679195979899497,0.679195979899497,0.671557788944724,0.671557788944724,0.691256281407035,0.691256281407035,0.728643216080402,0.728643216080402,0.584321608040201,0.584321608040201,0.64643216080402,0.644020100502513,0.803015075376884,0.757185929648241,0.850653266331658,0.636984924623116,0.807236180904523,0.641407035175879,0.640402010050251,0.67427135678392,NA,0.908341708542714,0.908341708542714,0.923618090452261,0.923618090452261,0.921005025125628,0.921005025125628
"44",2000,5,7,TRUE,0.619298245614035,0.5731328320802,0.681604010025063,0.681604010025063,0.670977443609023,0.670977443609023,0.73453634085213,0.73453634085213,0.751177944862155,0.751177944862155,0.620551378446115,0.620551378446115,0.63203007518797,0.631679197994987,0.788972431077694,0.712080200501253,0.840501253132832,0.628671679197995,0.796491228070175,0.631177944862155,0.629974937343358,0.656741854636592,NA,0.889523809523809,0.889523809523809,0.907268170426065,0.907268170426065,0.915388471177945,0.915388471177945
"45",100,10,7,TRUE,0.631111111111111,0.575555555555556,0.614444444444444,0.614444444444444,0.623333333333333,0.623333333333333,0.521111111111111,0.521111111111111,0.581111111111111,0.581111111111111,0.53,0.53,0.621111111111111,0.624444444444444,0.746666666666667,0.672222222222222,0.794444444444445,0.63,0.75,0.627222222222222,0.616666666666667,0.633333333333333,NA,0.795555555555556,0.795555555555556,0.812222222222222,0.812222222222222,0.824444444444444,0.824444444444444
"46",500,10,7,TRUE,0.637040816326531,0.585510204081633,0.645714285714286,0.645714285714286,0.645510204081633,0.645510204081633,0.616326530612245,0.616326530612245,0.694285714285714,0.694285714285714,0.561632653061224,0.561632653061224,0.634897959183673,0.632448979591837,0.781836734693878,0.715102040816327,0.825918367346939,0.629795918367347,0.780204081632653,0.632040816326531,0.624081632653061,0.651836734693878,NA,0.847959183673469,0.847959183673469,0.86469387755102,0.86469387755102,0.862244897959184,0.862244897959184
"47",1000,10,7,TRUE,0.639040404040404,0.572525252525253,0.659090909090909,0.659090909090909,0.651111111111111,0.651111111111111,0.693838383838384,0.693838383838384,0.717373737373737,0.717373737373737,0.57979797979798,0.57979797979798,0.627070707070707,0.622626262626263,0.789191919191919,0.72989898989899,0.824343434343434,0.621919191919192,0.77959595959596,0.625353535353535,0.62979797979798,0.656161616161616,NA,0.861111111111111,0.861111111111111,0.873636363636364,0.873636363636364,0.878181818181818,0.878181818181818
"48",2000,10,7,TRUE,0.621934673366834,0.594522613065327,0.68391959798995,0.68391959798995,0.668643216080402,0.668643216080402,0.742663316582915,0.742663316582915,0.752763819095477,0.752763819095477,0.626532663316583,0.626532663316583,0.642211055276382,0.634321608040201,0.796683417085427,0.749698492462312,0.837738693467337,0.635829145728643,0.793316582914573,0.647035175879397,0.640653266331658,0.67608040201005,NA,0.881457286432161,0.881457286432161,0.887939698492462,0.887939698492462,0.893869346733668,0.893869346733668
"49",100,1,9,TRUE,0.651515151515152,0.555555555555556,0.595959595959596,0.595959595959596,0.626262626262626,0.626262626262626,0.373737373737374,0.373737373737374,0.434343434343434,0.434343434343434,0.404040404040404,0.404040404040404,0.606060606060606,0.606060606060606,0.919191919191919,0.828282828282828,0.94949494949495,0.636363636363636,0.898989898989899,0.626262626262626,0.636363636363636,0.666666666666667,NA,1,1,1,1,1,1
"50",500,1,9,TRUE,0.749498997995992,0.593186372745491,0.705410821643287,0.705410821643287,0.717434869739479,0.717434869739479,0.460921843687375,0.460921843687375,0.69939879759519,0.69939879759519,0.456913827655311,0.456913827655311,0.691382765531062,0.687374749498998,0.949899799599198,0.833667334669339,0.987975951903808,0.677354709418838,0.961923847695391,0.67935871743487,0.685370741482966,0.715430861723447,NA,1,1,1,1,1,1
"51",1000,1,9,TRUE,0.647647647647648,0.607607607607608,0.703703703703704,0.703703703703704,0.70970970970971,0.70970970970971,0.533533533533533,0.533533533533533,0.715715715715716,0.715715715715716,0.459459459459459,0.459459459459459,0.667667667667668,0.66966966966967,0.896896896896897,0.842842842842843,0.978978978978979,0.650650650650651,0.945945945945946,0.64964964964965,0.641641641641642,0.705705705705706,NA,1,1,1,1,1,1
"52",2000,1,9,TRUE,0.678589294647324,0.571285642821411,0.702851425712856,0.702851425712856,0.698349174587294,0.698349174587294,0.612806403201601,0.612806403201601,0.770885442721361,0.770885442721361,0.415207603801901,0.415207603801901,0.621810905452726,0.623811905952977,0.943971985992996,0.829414707353677,0.979989994997499,0.643321660830415,0.956978489244622,0.641820910455228,0.649324662331166,0.680840420210105,NA,1,1,1,1,1,1
"53",100,5,9,TRUE,0.635789473684211,0.587368421052632,0.618947368421053,0.618947368421053,0.629473684210526,0.629473684210526,0.452631578947368,0.452631578947368,0.492631578947368,0.492631578947368,0.465263157894737,0.465263157894737,0.627368421052632,0.627368421052632,0.806315789473684,0.716842105263158,0.837894736842105,0.629473684210526,0.793684210526316,0.621052631578947,0.629473684210526,0.646315789473684,NA,0.926315789473684,0.926315789473684,0.938947368421053,0.938947368421053,0.932631578947368,0.932631578947368
"54",500,5,9,TRUE,0.648686868686869,0.593131313131313,0.643636363636364,0.643636363636364,0.651717171717172,0.651717171717172,0.488484848484848,0.488484848484848,0.612929292929293,0.612929292929293,0.487676767676768,0.487676767676768,0.629090909090909,0.633939393939394,0.825454545454545,0.763636363636364,0.873131313131313,0.636767676767677,0.828282828282828,0.64020202020202,0.64040404040404,0.654545454545455,NA,0.95030303030303,0.95030303030303,0.962828282828283,0.962828282828283,0.966868686868687,0.966868686868687
"55",1000,5,9,TRUE,0.67286432160804,0.592160804020101,0.675778894472362,0.675778894472362,0.680402010050251,0.680402010050251,0.578894472361809,0.578894472361809,0.696482412060301,0.696482412060301,0.518793969849246,0.518793969849246,0.654472361809045,0.650452261306533,0.835979899497487,0.76964824120603,0.896281407035176,0.649849246231156,0.836180904522613,0.646834170854271,0.644221105527638,0.670954773869347,NA,0.978894472361809,0.978894472361809,0.984321608040201,0.984321608040201,0.985125628140703,0.985125628140703
"56",2000,5,9,TRUE,0.644110275689223,0.574035087719298,0.672681704260652,0.672681704260652,0.669273182957393,0.669273182957393,0.63218045112782,0.63218045112782,0.733533834586466,0.733533834586466,0.527719298245614,0.527719298245614,0.631177944862155,0.637593984962406,0.833684210526316,0.753984962406015,0.892330827067669,0.626065162907268,0.834586466165414,0.628270676691729,0.631979949874687,0.651929824561403,NA,0.982255639097744,0.982255639097744,0.987869674185464,0.987869674185464,0.988370927318296,0.988370927318296
"57",100,10,9,TRUE,0.608888888888889,0.57,0.592222222222222,0.592222222222222,0.603333333333333,0.603333333333333,0.471111111111111,0.471111111111111,0.52,0.52,0.488888888888889,0.488888888888889,0.607777777777778,0.601111111111111,0.767777777777778,0.671666666666667,0.815555555555556,0.608888888888889,0.76,0.603333333333333,0.605,0.617777777777778,NA,0.863333333333333,0.863333333333333,0.874444444444444,0.874444444444444,0.876666666666667,0.876666666666667
"58",500,10,9,TRUE,0.631224489795918,0.576938775510204,0.639387755102041,0.639387755102041,0.648571428571429,0.648571428571429,0.509387755102041,0.509387755102041,0.639591836734694,0.639591836734694,0.501020408163265,0.501020408163265,0.636326530612245,0.632040816326531,0.813673469387755,0.734489795918367,0.865714285714286,0.629387755102041,0.80734693877551,0.628571428571429,0.636326530612245,0.657142857142857,NA,0.916530612244898,0.916530612244898,0.931224489795918,0.931224489795918,0.933877551020408,0.933877551020408
"59",1000,10,9,TRUE,0.618383838383838,0.572525252525253,0.642929292929293,0.642929292929293,0.644949494949495,0.644949494949495,0.559393939393939,0.559393939393939,0.693939393939394,0.693939393939394,0.511616161616162,0.511616161616162,0.618989898989899,0.621919191919192,0.812929292929293,0.735454545454545,0.862525252525252,0.611717171717172,0.806464646464646,0.612929292929293,0.617575757575758,0.642626262626263,NA,0.923232323232323,0.923232323232323,0.931717171717172,0.931717171717172,0.934242424242424,0.934242424242424
"60",2000,10,9,TRUE,0.64427135678392,0.568542713567839,0.658140703517588,0.658140703517588,0.65391959798995,0.65391959798995,0.627688442211055,0.627688442211055,0.734472361809045,0.734472361809045,0.537085427135678,0.537085427135678,0.624623115577889,0.62070351758794,0.82356783919598,0.758391959798995,0.875075376884422,0.614974874371859,0.82105527638191,0.62251256281407,0.625276381909548,0.648341708542714,NA,0.934522613065327,0.934522613065327,0.946683417085427,0.946683417085427,0.945678391959799,0.945678391959799
"61",100,1,11,TRUE,0.686868686868687,0.565656565656566,0.616161616161616,0.616161616161616,0.636363636363636,0.636363636363636,0.282828282828283,0.282828282828283,0.383838383838384,0.383838383838384,0.323232323232323,0.323232323232323,0.646464646464647,0.626262626262626,0.919191919191919,0.828282828282828,0.95959595959596,0.636363636363636,0.888888888888889,0.656565656565657,0.636363636363636,0.646464646464647,NA,1,1,1,1,1,1
"62",500,1,11,TRUE,0.707414829659319,0.629258517034068,0.711422845691383,0.711422845691383,0.733466933867735,0.733466933867735,0.35871743486974,0.35871743486974,0.539078156312625,0.539078156312625,0.372745490981964,0.372745490981964,0.703406813627255,0.69939879759519,0.94188376753507,0.867735470941884,0.985971943887776,0.703406813627255,0.969939879759519,0.693386773547094,0.68937875751503,0.7374749498998,NA,1,1,1,1,1,1
"63",1000,1,11,TRUE,0.649149149149149,0.542542542542543,0.66966966966967,0.66966966966967,0.685685685685686,0.685685685685686,0.348348348348348,0.348348348348348,0.623623623623624,0.623623623623624,0.348348348348348,0.348348348348348,0.637637637637638,0.655655655655656,0.952952952952953,0.854854854854855,0.992992992992993,0.636636636636637,0.971971971971972,0.657657657657658,0.638638638638639,0.655655655655656,NA,1,1,1,1,1,1
"64",2000,1,11,TRUE,0.757378689344672,0.64832416208104,0.760380190095048,0.760380190095048,0.761880940470235,0.761880940470235,0.477238619309655,0.477238619309655,0.739369684842421,0.739369684842421,0.416208104052026,0.416208104052026,0.708354177088544,0.72736368184092,0.972986493246623,0.870935467733867,0.9959979989995,0.714857428714357,0.984492246123062,0.697348674337169,0.72336168084042,0.725862931465733,NA,1,1,1,1,1,1
"65",100,5,11,TRUE,0.611578947368421,0.545263157894737,0.574736842105263,0.574736842105263,0.587368421052632,0.587368421052632,0.381052631578947,0.381052631578947,0.44421052631579,0.44421052631579,0.424210526315789,0.424210526315789,0.589473684210526,0.597894736842105,0.816842105263158,0.748421052631579,0.856842105263158,0.585263157894737,0.787368421052632,0.602105263157895,0.593684210526316,0.607368421052632,NA,0.955789473684211,0.955789473684211,0.968421052631579,0.968421052631579,0.96421052631579,0.96421052631579
"66",500,5,11,TRUE,0.66040404040404,0.584242424242424,0.627878787878788,0.627878787878788,0.642020202020202,0.642020202020202,0.40040404040404,0.40040404040404,0.566060606060606,0.566060606060606,0.417373737373737,0.417373737373737,0.629090909090909,0.631515151515151,0.844040404040404,0.767676767676768,0.906666666666667,0.626666666666667,0.842020202020202,0.631111111111111,0.631717171717172,0.64969696969697,NA,0.993131313131313,0.993131313131313,0.996767676767677,0.996767676767677,0.995151515151515,0.995151515151515
"67",1000,5,11,TRUE,0.645628140703518,0.565628140703518,0.629145728643216,0.629145728643216,0.64,0.64,0.437587939698492,0.437587939698492,0.621306532663317,0.621306532663317,0.437587939698492,0.437587939698492,0.617286432160804,0.615276381909548,0.842814070351759,0.768844221105528,0.909547738693467,0.609447236180904,0.843618090452261,0.615276381909548,0.614874371859296,0.635778894472362,NA,0.991557788944724,0.991557788944724,0.993165829145729,0.993165829145729,0.99356783919598,0.99356783919598
"68",2000,5,11,TRUE,0.646015037593985,0.567117794486215,0.648721804511278,0.648721804511278,0.650426065162907,0.650426065162907,0.488521303258145,0.488521303258145,0.682205513784461,0.682205513784461,0.451027568922306,0.451027568922306,0.62406015037594,0.631478696741855,0.844812030075188,0.769624060150376,0.910877192982456,0.614235588972431,0.848922305764411,0.631478696741855,0.625664160401002,0.644812030075188,NA,0.992380952380952,0.992380952380952,0.995789473684211,0.995789473684211,0.995388471177945,0.995388471177945
"69",100,10,11,TRUE,0.595,0.555555555555556,0.582222222222222,0.582222222222222,0.593333333333333,0.593333333333333,0.442222222222222,0.442222222222222,0.477777777777778,0.477777777777778,0.457777777777778,0.457777777777778,0.593333333333333,0.596666666666667,0.787777777777778,0.711666666666667,0.826666666666667,0.592222222222222,0.761111111111111,0.595555555555556,0.59,0.590555555555556,NA,0.905555555555556,0.905555555555556,0.915555555555556,0.915555555555556,0.918888888888889,0.918888888888889
"70",500,10,11,TRUE,0.634285714285714,0.581020408163265,0.629183673469388,0.629183673469388,0.642448979591837,0.642448979591837,0.438571428571429,0.438571428571429,0.584081632653061,0.584081632653061,0.448367346938776,0.448367346938776,0.629795918367347,0.631020408163265,0.834489795918367,0.756734693877551,0.898979591836735,0.625714285714286,0.838571428571429,0.634489795918367,0.634897959183674,0.642857142857143,NA,0.962448979591837,0.962448979591837,0.969795918367347,0.969795918367347,0.968163265306122,0.968163265306122
"71",1000,10,11,TRUE,0.633636363636364,0.563636363636364,0.629191919191919,0.629191919191919,0.639494949494949,0.639494949494949,0.443434343434343,0.443434343434343,0.643434343434343,0.643434343434343,0.443434343434343,0.443434343434343,0.617878787878788,0.617575757575758,0.831010101010101,0.746767676767677,0.893838383838384,0.611010101010101,0.835757575757576,0.617070707070707,0.612929292929293,0.636666666666667,NA,0.968888888888889,0.968888888888889,0.976868686868687,0.976868686868687,0.97969696969697,0.97969696969697
"72",2000,10,11,TRUE,0.653417085427136,0.593266331658291,0.672613065326633,0.672613065326633,0.675226130653266,0.675226130653266,0.519396984924623,0.519396984924623,0.712713567839196,0.712713567839196,0.477185929648241,0.477185929648241,0.640653266331658,0.638894472361809,0.841557788944724,0.756884422110553,0.914623115577889,0.639396984924623,0.86356783919598,0.641256281407035,0.643517587939698,0.664070351758794,NA,0.975276381909548,0.975276381909548,0.980251256281407,0.980251256281407,0.979899497487437,0.979899497487437
"73",100,1,17,TRUE,0.656565656565657,0.626262626262626,0.656565656565657,0.656565656565657,0.656565656565657,0.656565656565657,0.0909090909090909,0.0909090909090909,0.388888888888889,0.388888888888889,0.373737373737374,0.373737373737374,0.656565656565657,0.666666666666667,0.94949494949495,0.878787878787879,0.97979797979798,0.666666666666667,0.919191919191919,0.676767676767677,0.656565656565657,0.686868686868687,NA,NA,NA,NA,NA,NA,NA
"74",500,1,17,TRUE,0.654308617234469,0.543086172344689,0.599198396793587,0.599198396793587,0.609218436873748,0.609218436873748,0.260521042084168,0.260521042084168,0.312625250501002,0.312625250501002,0.296593186372746,0.296593186372746,0.591182364729459,0.589178356713427,0.937875751503006,0.835671342685371,0.995991983967936,0.583166332665331,0.959919839679359,0.57314629258517,0.587174348697395,0.607214428857715,NA,1,1,1,1,1,1
"75",1000,1,17,TRUE,0.66016016016016,0.613613613613614,0.686686686686687,0.686686686686687,0.703703703703704,0.703703703703704,0.296296296296296,0.296296296296296,0.356356356356356,0.356356356356356,0.294294294294294,0.294294294294294,0.667667667667668,0.653653653653654,0.943943943943944,0.874874874874875,0.995995995995996,0.663663663663664,0.96996996996997,0.664664664664665,0.664664664664665,0.685685685685686,NA,1,1,1,1,1,1
"76",2000,1,17,TRUE,0.701100550275138,0.540270135067534,0.627313656828414,0.627313656828414,0.633316658329165,0.633316658329165,0.255127563781891,0.255127563781891,0.413206603301651,0.413206603301651,0.24512256128064,0.24512256128064,0.585792896448224,0.600300150075038,0.940970485242621,0.870435217608804,0.99799899949975,0.580290145072536,0.979989994997499,0.608804402201101,0.591295647823912,0.606303151575788,NA,1,1,1,1,1,1
"77",100,5,17,TRUE,0.622105263157895,0.551578947368421,0.581052631578947,0.581052631578947,0.591578947368421,0.591578947368421,0.261052631578947,0.261052631578947,0.422105263157895,0.422105263157895,0.371578947368421,0.371578947368421,0.596842105263158,0.587368421052632,0.850526315789474,0.743157894736842,0.890526315789474,0.585263157894737,0.797894736842105,0.591578947368421,0.593684210526316,0.6,NA,NA,NA,NA,NA,NA,NA
"78",500,5,17,TRUE,0.634343434343434,0.563232323232323,0.603232323232323,0.603232323232323,0.608484848484849,0.608484848484849,0.325656565656566,0.325656565656566,0.402424242424242,0.402424242424242,0.347070707070707,0.347070707070707,0.601212121212121,0.604848484848485,0.855757575757576,0.772929292929293,0.964444444444444,0.596363636363636,0.883636363636364,0.609292929292929,0.613333333333333,0.621010101010101,NA,1,1,1,1,1,1
"79",1000,5,17,TRUE,0.634874371859297,0.573869346733668,0.625125628140704,0.625125628140704,0.634371859296482,0.634371859296482,0.319798994974874,0.319798994974874,0.429145728643216,0.429145728643216,0.334472361809045,0.334472361809045,0.609849246231156,0.612261306532663,0.871356783919598,0.794371859296482,0.962613065326633,0.604221105527638,0.899899497487437,0.619698492462312,0.613065326633166,0.619497487437186,NA,1,1,1,1,1,1
"80",2000,5,17,TRUE,0.613483709273183,0.561604010025063,0.626766917293233,0.626766917293233,0.628972431077694,0.628972431077694,0.314185463659148,0.314185463659148,0.487318295739348,0.487318295739348,0.328721804511278,0.328721804511278,0.607418546365915,0.605413533834587,0.870375939849624,0.779348370927318,0.969423558897243,0.601804511278195,0.902355889724311,0.604310776942356,0.60531328320802,0.614235588972431,NA,1,1,1,1,1,1
"81",100,10,17,TRUE,0.610555555555556,0.544444444444445,0.571111111111111,0.571111111111111,0.58,0.58,0.33,0.33,0.439444444444444,0.439444444444444,0.424444444444444,0.424444444444444,0.582777777777778,0.584444444444444,0.804444444444444,0.704444444444444,0.869444444444444,0.58,0.792222222222222,0.583333333333333,0.593333333333333,0.582222222222222,NA,NA,NA,NA,NA,NA,NA
"82",500,10,17,TRUE,0.631122448979592,0.563673469387755,0.606734693877551,0.606734693877551,0.617755102040816,0.617755102040816,0.335102040816327,0.335102040816327,0.426326530612245,0.426326530612245,0.36530612244898,0.36530612244898,0.612040816326531,0.605714285714286,0.855714285714286,0.781428571428571,0.95,0.606938775510204,0.869183673469388,0.607959183673469,0.609387755102041,0.618163265306122,NA,0.999591836734694,0.999591836734694,0.999795918367347,0.999795918367347,0.999591836734694,0.999591836734694
"83",1000,10,17,TRUE,0.626515151515151,0.555858585858586,0.606060606060606,0.606060606060606,0.613434343434343,0.613434343434343,0.338989898989899,0.338989898989899,0.452424242424242,0.452424242424242,0.353030303030303,0.353030303030303,0.60030303030303,0.599292929292929,0.844141414141414,0.772222222222222,0.945555555555556,0.591111111111111,0.868989898989899,0.595353535353535,0.598686868686869,0.606262626262626,NA,0.99979797979798,0.99979797979798,0.99989898989899,0.99989898989899,0.99989898989899,0.99989898989899
"84",2000,10,17,TRUE,0.630075376884422,0.570904522613065,0.63321608040201,0.63321608040201,0.63537688442211,0.63537688442211,0.333969849246231,0.333969849246231,0.511608040201005,0.511608040201005,0.343819095477387,0.343819095477387,0.615577889447236,0.609145728643216,0.865276381909548,0.79427135678392,0.954472361809045,0.605376884422111,0.885125628140704,0.614773869346734,0.60929648241206,0.633165829145729,NA,0.999899497487437,0.999899497487437,0.999949748743719,0.999949748743719,0.999899497487437,0.999899497487437
"85",100,1,2,FALSE,0.636363636363636,0.636363636363636,0.606060606060606,0.606060606060606,0.626262626262626,0.626262626262626,0.545454545454545,0.545454545454545,0.44949494949495,0.44949494949495,0.5,0.5,0.565656565656566,0.616161616161616,0.5,0.5,NA,0.616161616161616,NA,0.616161616161616,0.585858585858586,0.575757575757576,0.636363636363636,0.636363636363636,0.636363636363636,0.636363636363636,0.636363636363636,0.636363636363636,0.636363636363636
"86",500,1,2,FALSE,0.659318637274549,0.655310621242485,0.637274549098196,0.637274549098196,0.635270541082164,0.635270541082164,0.469939879759519,0.469939879759519,0.472945891783567,0.472945891783567,0.599198396793587,0.599198396793587,0.68937875751503,0.685370741482966,0.5,0.5,NA,0.649298597194389,NA,0.673346693386774,0.647294589178357,0.581162324649299,0.653306613226453,0.655310621242485,0.655310621242485,0.655310621242485,0.655310621242485,0.655310621242485,0.655310621242485
"87",1000,1,2,FALSE,0.574574574574575,0.578578578578579,0.567567567567568,0.567567567567568,0.581581581581582,0.581581581581582,0.486486486486487,0.486486486486487,0.443443443443443,0.443443443443443,0.570570570570571,0.570570570570571,0.533533533533533,0.590590590590591,0.5,0.5,NA,0.567567567567568,NA,0.55955955955956,0.602602602602603,0.563563563563564,0.578578578578579,0.578578578578579,0.578578578578579,0.578578578578579,0.578578578578579,0.578578578578579,0.578578578578579
"88",2000,1,2,FALSE,0.657578789394697,0.659829914957479,0.654327163581791,0.654327163581791,0.659829914957479,0.659829914957479,0.473486743371686,0.473486743371686,0.444222111055528,0.444222111055528,0.587293646823412,0.587293646823412,0.612806403201601,0.658329164582291,0.5,0.5,NA,0.649824912456228,NA,0.622811405702851,0.646823411705853,0.634067033516758,0.660330165082541,0.659829914957479,0.659829914957479,0.659829914957479,0.659829914957479,0.659829914957479,0.659829914957479
"89",100,5,2,FALSE,0.585263157894737,0.585263157894737,0.590526315789474,0.590526315789474,0.591578947368421,0.591578947368421,0.518947368421053,0.518947368421053,0.525263157894737,0.525263157894737,0.536842105263158,0.536842105263158,0.567368421052632,0.577894736842105,0.5,0.5,NA,0.588421052631579,NA,0.566315789473684,0.578947368421053,0.587368421052632,0.585263157894737,0.587368421052632,0.587368421052632,0.587368421052632,0.587368421052632,0.587368421052632,0.587368421052632
"90",500,5,2,FALSE,0.594343434343434,0.593939393939394,0.586666666666667,0.586666666666667,0.597171717171717,0.597171717171717,0.496363636363636,0.496363636363636,0.483232323232323,0.483232323232323,0.56040404040404,0.56040404040404,0.591111111111111,0.572929292929293,0.5,0.5,NA,0.601616161616162,NA,0.590707070707071,0.58989898989899,0.597979797979798,0.593939393939394,0.593939393939394,0.593939393939394,0.593939393939394,0.593939393939394,0.593939393939394,0.593939393939394
"91",1000,5,2,FALSE,0.593467336683417,0.592964824120603,0.593366834170854,0.593366834170854,0.594974874371859,0.594974874371859,0.50713567839196,0.50713567839196,0.488040201005025,0.488040201005025,0.570653266331658,0.570653266331658,0.597386934673367,0.595075376884422,0.5,0.5,NA,0.591256281407035,NA,0.573668341708543,0.572663316582915,0.581105527638191,0.592964824120603,0.592964824120603,0.592964824120603,0.592964824120603,0.592964824120603,0.592964824120603,0.592964824120603
"92",2000,5,2,FALSE,0.586666666666667,0.586365914786967,0.594285714285714,0.594285714285714,0.597694235588972,0.597694235588972,0.462857142857143,0.462857142857143,0.466766917293233,0.466766917293233,0.548070175438596,0.548070175438596,0.593684210526316,0.591679197994987,0.5,0.5,NA,0.58812030075188,NA,0.5868671679198,0.575639097744361,0.59187969924812,0.586365914786967,0.586365914786967,0.586365914786967,0.586365914786967,0.586365914786967,0.586365914786967,0.586365914786967
"93",100,10,2,FALSE,0.567222222222222,0.568888888888889,0.562222222222222,0.562222222222222,0.565555555555556,0.565555555555556,0.49,0.49,0.496666666666667,0.496666666666667,0.518333333333333,0.518333333333333,0.572222222222222,0.559444444444444,0.5,0.5,NA,0.565555555555556,NA,0.573333333333333,0.582222222222222,0.557222222222222,0.568888888888889,0.567777777777778,0.567777777777778,0.567777777777778,0.567777777777778,0.567777777777778,0.567777777777778
"94",500,10,2,FALSE,0.571938775510204,0.572244897959184,0.56734693877551,0.56734693877551,0.569183673469388,0.569183673469388,0.494795918367347,0.494795918367347,0.477040816326531,0.477040816326531,0.553265306122449,0.553265306122449,0.581428571428571,0.557142857142857,0.5,0.5,NA,0.567959183673469,NA,0.573163265306122,0.574795918367347,0.578979591836735,0.572448979591837,0.572448979591837,0.572448979591837,0.572448979591837,0.572448979591837,0.572448979591837,0.572448979591837
"95",1000,10,2,FALSE,0.579040404040404,0.578282828282828,0.567373737373737,0.567373737373737,0.571313131313131,0.571313131313131,0.485656565656566,0.485656565656566,0.464393939393939,0.464393939393939,0.568636363636364,0.568636363636364,0.560909090909091,0.567878787878788,0.5,0.5,NA,0.581666666666667,NA,0.55959595959596,0.570707070707071,0.561515151515152,0.578282828282828,0.578080808080808,0.578080808080808,0.578080808080808,0.578080808080808,0.578080808080808,0.578080808080808
"96",2000,10,2,FALSE,0.586005025125628,0.586482412060301,0.595326633165829,0.595326633165829,0.593969849246231,0.593969849246231,0.478366834170854,0.478366834170854,0.475527638190955,0.475527638190955,0.562537688442211,0.562537688442211,0.587386934673367,0.58678391959799,0.5,0.5,NA,0.591683417085427,NA,0.582613065326633,0.582211055276382,0.578140703517588,0.586482412060301,0.58643216080402,0.58643216080402,0.58643216080402,0.58643216080402,0.58643216080402,0.58643216080402
"97",100,1,3,FALSE,0.656565656565657,0.666666666666667,0.747474747474748,0.747474747474748,0.737373737373737,0.737373737373737,0.666666666666667,0.666666666666667,0.676767676767677,0.676767676767677,0.707070707070707,0.707070707070707,0.717171717171717,0.707070707070707,0.707070707070707,0.626262626262626,0.717171717171717,0.727272727272727,0.737373737373737,0.717171717171717,0.696969696969697,0.757575757575758,NA,0.797979797979798,0.797979797979798,0.818181818181818,0.818181818181818,0.828282828282828,0.828282828282828
"98",500,1,3,FALSE,0.64128256513026,0.657314629258517,0.741482965931864,0.741482965931864,0.733466933867735,0.733466933867735,0.703406813627255,0.703406813627255,0.703406813627255,0.703406813627255,0.7374749498998,0.7374749498998,0.705410821643287,0.717434869739479,0.719438877755511,0.637274549098196,0.787575150300601,0.725450901803607,0.761523046092184,0.715430861723447,0.695390781563126,0.743486973947896,NA,0.831663326653307,0.831663326653307,0.827655310621243,0.827655310621243,0.833667334669339,0.833667334669339
"99",1000,1,3,FALSE,0.603603603603604,0.643643643643644,0.742742742742743,0.742742742742743,0.733733733733734,0.733733733733734,0.765765765765766,0.765765765765766,0.765765765765766,0.765765765765766,0.763763763763764,0.763763763763764,0.705705705705706,0.714714714714715,0.760760760760761,0.64964964964965,0.797797797797798,0.723723723723724,0.748748748748749,0.704704704704705,0.711711711711712,0.694694694694695,NA,0.758758758758759,0.758758758758759,0.750750750750751,0.750750750750751,0.734734734734735,0.734734734734735
"100",2000,1,3,FALSE,0.576288144072036,0.654327163581791,0.734367183591796,0.734367183591796,0.733866933466733,0.733866933466733,0.691345672836418,0.691345672836418,0.691345672836418,0.691345672836418,0.755377688844422,0.755377688844422,0.699849924962481,0.711855927963982,0.750375187593797,0.657328664332166,0.771885942971486,0.733866933466733,0.790895447723862,0.696348174087044,0.718359179589795,0.698349174587294,NA,0.787393696848424,0.787393696848424,0.7943971985993,0.7943971985993,0.770385192596298,0.770385192596298
"101",100,5,3,FALSE,0.572631578947368,0.585263157894737,0.618947368421053,0.618947368421053,0.614736842105263,0.614736842105263,0.575789473684211,0.575789473684211,0.588421052631579,0.588421052631579,0.593684210526316,0.593684210526316,0.615789473684211,0.642105263157895,0.64,0.566315789473684,0.642105263157895,0.613684210526316,0.627368421052632,0.614736842105263,0.610526315789474,0.606315789473684,NA,0.650526315789474,0.650526315789474,0.652631578947368,0.652631578947368,0.654736842105263,0.654736842105263
"102",500,5,3,FALSE,0.557979797979798,0.612525252525252,0.654949494949495,0.654949494949495,0.652929292929293,0.652929292929293,0.628282828282828,0.628282828282828,0.628282828282828,0.628282828282828,0.637575757575758,0.637575757575758,0.635555555555556,0.644040404040404,0.652929292929293,0.598585858585859,0.696565656565657,0.635151515151515,0.662222222222222,0.636767676767677,0.638787878787879,0.651313131313131,NA,0.657373737373737,0.657373737373737,0.667070707070707,0.667070707070707,0.676363636363636,0.676363636363636
"103",1000,5,3,FALSE,0.585025125628141,0.616482412060302,0.664120603015075,0.664120603015075,0.665326633165829,0.665326633165829,0.636884422110553,0.636884422110553,0.636884422110553,0.636884422110553,0.674773869346734,0.674773869346734,0.635979899497487,0.637587939698492,0.678391959798995,0.584723618090452,0.677989949748744,0.650050251256281,0.667738693467337,0.637185929648241,0.637386934673367,0.638693467336683,NA,0.673165829145729,0.673165829145729,0.680804020100503,0.680804020100503,0.682814070351759,0.682814070351759
"104",2000,5,3,FALSE,0.563107769423559,0.588471177944862,0.647218045112782,0.647218045112782,0.644611528822055,0.644611528822055,0.632581453634085,0.632581453634085,0.632581453634085,0.632581453634085,0.666165413533835,0.666165413533835,0.62937343358396,0.626766917293233,0.657042606516291,0.587067669172932,0.672882205513784,0.634887218045113,0.650927318295739,0.609523809523809,0.635338345864662,0.638997493734336,NA,0.667669172932331,0.667669172932331,0.673884711779449,0.673884711779449,0.67859649122807,0.67859649122807
"105",100,10,3,FALSE,0.58,0.584444444444444,0.624444444444444,0.624444444444444,0.618888888888889,0.618888888888889,0.614444444444444,0.614444444444444,0.612222222222222,0.612222222222222,0.602222222222222,0.602222222222222,0.612777777777778,0.620555555555556,0.648888888888889,0.573888888888889,0.651666666666667,0.628333333333333,0.64,0.611111111111111,0.611111111111111,0.607777777777778,NA,0.644444444444444,0.644444444444444,0.644444444444444,0.644444444444444,0.636666666666667,0.636666666666667
"106",500,10,3,FALSE,0.560816326530612,0.599387755102041,0.649795918367347,0.649795918367347,0.648775510204082,0.648775510204082,0.639795918367347,0.639795918367347,0.639795918367347,0.639795918367347,0.665102040816327,0.665102040816327,0.636326530612245,0.639183673469388,0.664081632653061,0.58030612244898,0.688571428571429,0.638775510204082,0.664081632653061,0.632142857142857,0.635918367346939,0.633673469387755,NA,0.656530612244898,0.656530612244898,0.663673469387755,0.663673469387755,0.668571428571429,0.668571428571429
"107",1000,10,3,FALSE,0.547424242424242,0.584848484848485,0.626767676767677,0.626767676767677,0.623636363636364,0.623636363636364,0.635353535353535,0.635353535353535,0.635353535353535,0.635353535353535,0.641010101010101,0.641010101010101,0.611818181818182,0.608888888888889,0.651414141414141,0.591313131313131,0.658585858585859,0.621616161616162,0.646969696969697,0.612828282828283,0.598383838383838,0.615555555555556,NA,0.647878787878788,0.647878787878788,0.651717171717172,0.651717171717172,0.648585858585859,0.648585858585859
"108",2000,10,3,FALSE,0.572060301507538,0.577336683417085,0.626884422110553,0.626884422110553,0.620552763819096,0.620552763819096,0.616708542713568,0.616708542713568,0.616708542713568,0.616708542713568,0.649396984924623,0.649396984924623,0.608442211055276,0.610301507537688,0.63427135678392,0.583065326633166,0.648844221105528,0.609246231155779,0.631356783919598,0.612110552763819,0.619396984924623,0.613467336683417,NA,0.638743718592965,0.638743718592965,0.64678391959799,0.64678391959799,0.641155778894472,0.641155778894472
"109",100,1,5,FALSE,0.656565656565657,0.565656565656566,0.686868686868687,0.686868686868687,0.686868686868687,0.686868686868687,0.555555555555556,0.555555555555556,0.585858585858586,0.585858585858586,0.515151515151515,0.515151515151515,0.666666666666667,0.686868686868687,0.888888888888889,0.767676767676768,0.898989898989899,0.666666666666667,0.878787878787879,0.707070707070707,0.696969696969697,0.717171717171717,NA,0.96969696969697,0.96969696969697,0.96969696969697,0.96969696969697,0.96969696969697,0.96969696969697
"110",500,1,5,FALSE,0.637274549098196,0.625250501002004,0.741482965931864,0.741482965931864,0.721442885771543,0.721442885771543,0.74749498997996,0.74749498997996,0.729458917835671,0.729458917835671,0.713426853707415,0.713426853707415,0.673346693386774,0.651302605210421,0.857715430861723,0.803607214428858,0.923847695390782,0.693386773547094,0.911823647294589,0.69939879759519,0.719438877755511,0.755511022044088,NA,0.977955911823647,0.977955911823647,0.985971943887776,0.985971943887776,0.983967935871743,0.983967935871743
"111",1000,1,5,FALSE,0.732732732732733,0.651651651651652,0.804804804804805,0.804804804804805,0.801801801801802,0.801801801801802,0.834834834834835,0.834834834834835,0.825825825825826,0.825825825825826,0.782782782782783,0.782782782782783,0.758758758758759,0.756756756756757,0.896896896896897,0.7997997997998,0.945945945945946,0.758758758758759,0.913913913913914,0.756756756756757,0.704704704704705,0.7997997997998,NA,0.982982982982983,0.982982982982983,0.987987987987988,0.987987987987988,0.990990990990991,0.990990990990991
"112",2000,1,5,FALSE,0.686843421710855,0.637818909454727,0.830415207603802,0.830415207603802,0.782391195597799,0.782391195597799,0.858929464732366,0.858929464732366,0.830415207603802,0.830415207603802,0.84592296148074,0.84592296148074,0.703851925962982,0.691345672836418,0.902451225612806,0.782391195597799,0.945472736368184,0.734367183591796,0.925962981490745,0.726363181590795,0.71335667833917,0.770885442721361,NA,0.986993496748374,0.986993496748374,0.991995997999,0.991995997999,0.990995497748874,0.990995497748874
"113",100,5,5,FALSE,0.608421052631579,0.591578947368421,0.644210526315789,0.644210526315789,0.644210526315789,0.644210526315789,0.570526315789474,0.570526315789474,0.610526315789474,0.610526315789474,0.549473684210526,0.549473684210526,0.635789473684211,0.633684210526316,0.755789473684211,0.688421052631579,0.774736842105263,0.634736842105263,0.736842105263158,0.637894736842105,0.631578947368421,0.650526315789474,NA,0.766315789473684,0.766315789473684,0.776842105263158,0.776842105263158,0.791578947368421,0.791578947368421
"114",500,5,5,FALSE,0.604646464646465,0.586666666666667,0.671919191919192,0.671919191919192,0.66020202020202,0.66020202020202,0.684444444444444,0.684444444444444,0.681616161616162,0.681616161616162,0.633939393939394,0.633939393939394,0.642424242424242,0.65010101010101,0.745050505050505,0.684444444444444,0.772929292929293,0.636767676767677,0.734545454545455,0.642424242424242,0.64,0.662626262626263,NA,0.789494949494949,0.789494949494949,0.799191919191919,0.799191919191919,0.811717171717172,0.811717171717172
"115",1000,5,5,FALSE,0.605527638190955,0.602814070351759,0.690452261306533,0.690452261306533,0.674572864321608,0.674572864321608,0.714773869346734,0.714773869346734,0.711155778894472,0.711155778894472,0.658492462311558,0.658492462311558,0.651658291457286,0.657286432160804,0.748341708542714,0.686231155778894,0.787939698492462,0.645829145728643,0.761407035175879,0.655276381909548,0.644221105527638,0.67678391959799,NA,0.805226130653266,0.805226130653266,0.81286432160804,0.81286432160804,0.809045226130653,0.809045226130653
"116",2000,5,5,FALSE,0.60937343358396,0.601604010025063,0.71468671679198,0.71468671679198,0.692631578947368,0.692631578947368,0.754987468671679,0.754987468671679,0.733934837092732,0.733934837092732,0.712581453634085,0.712581453634085,0.652431077694236,0.661754385964912,0.768421052631579,0.702255639097744,0.795689223057644,0.657243107769424,0.770927318295739,0.673684210526316,0.663157894736842,0.681704260651629,NA,0.817443609022556,0.817443609022556,0.826466165413534,0.826466165413534,0.842105263157895,0.842105263157895
"117",100,10,5,FALSE,0.598888888888889,0.574444444444444,0.631111111111111,0.631111111111111,0.63,0.63,0.578888888888889,0.578888888888889,0.6,0.6,0.554444444444444,0.554444444444444,0.637777777777778,0.635555555555556,0.734444444444444,0.670555555555556,0.747777777777778,0.631666666666667,0.716666666666667,0.636666666666667,0.626666666666667,0.643333333333333,NA,0.728888888888889,0.728888888888889,0.743333333333333,0.743333333333333,0.748888888888889,0.748888888888889
"118",500,10,5,FALSE,0.604285714285714,0.593265306122449,0.67265306122449,0.67265306122449,0.663673469387755,0.663673469387755,0.699591836734694,0.699591836734694,0.702040816326531,0.702040816326531,0.633673469387755,0.633673469387755,0.646734693877551,0.647959183673469,0.735102040816327,0.666734693877551,0.773061224489796,0.639387755102041,0.73530612244898,0.645714285714286,0.640612244897959,0.660816326530612,NA,0.773469387755102,0.773469387755102,0.784081632653061,0.784081632653061,0.796938775510204,0.796938775510204
"119",1000,10,5,FALSE,0.591969696969697,0.574343434343434,0.65969696969697,0.65969696969697,0.645555555555556,0.645555555555556,0.729191919191919,0.729191919191919,0.731010101010101,0.731010101010101,0.665454545454545,0.665454545454545,0.63040404040404,0.630909090909091,0.741818181818182,0.69959595959596,0.766262626262626,0.62949494949495,0.723030303030303,0.633030303030303,0.629191919191919,0.657171717171717,NA,0.780808080808081,0.780808080808081,0.791010101010101,0.791010101010101,0.807474747474747,0.807474747474747
"120",2000,10,5,FALSE,0.603718592964824,0.590502512562814,0.689798994974874,0.689798994974874,0.665025125628141,0.665025125628141,0.756884422110553,0.756884422110553,0.743819095477387,0.743819095477387,0.698492462311558,0.698492462311558,0.637638190954774,0.6421608040201,0.754949748743719,0.697286432160804,0.780502512562814,0.634070351758794,0.742412060301508,0.643417085427136,0.64929648241206,0.660804020100503,NA,0.789095477386935,0.789095477386935,0.802914572864322,0.802914572864322,0.821608040201005,0.821608040201005
"121",100,1,7,FALSE,0.747474747474748,0.626262626262626,0.737373737373737,0.737373737373737,0.737373737373737,0.737373737373737,0.484848484848485,0.484848484848485,0.535353535353535,0.535353535353535,0.494949494949495,0.494949494949495,0.737373737373737,0.717171717171717,0.909090909090909,0.828282828282828,0.94949494949495,0.737373737373737,0.929292929292929,0.707070707070707,0.727272727272727,0.767676767676768,NA,1,1,1,1,1,1
"122",500,1,7,FALSE,0.738476953907816,0.653306613226453,0.775551102204409,0.775551102204409,0.775551102204409,0.775551102204409,0.701402805611222,0.701402805611222,0.785571142284569,0.785571142284569,0.565130260521042,0.565130260521042,0.731462925851703,0.745490981963928,0.95190380761523,0.835671342685371,0.975951903807615,0.75751503006012,0.953907815631262,0.735470941883767,0.729458917835671,0.803607214428858,NA,1,1,1,1,1,1
"123",1000,1,7,FALSE,0.724224224224224,0.680680680680681,0.810810810810811,0.810810810810811,0.796796796796797,0.796796796796797,0.798798798798799,0.798798798798799,0.762762762762763,0.762762762762763,0.651651651651652,0.651651651651652,0.755755755755756,0.767767767767768,0.927927927927928,0.830830830830831,0.985985985985986,0.757757757757758,0.967967967967968,0.725725725725726,0.742742742742743,0.792792792792793,NA,1,1,1,1,1,1
"124",2000,1,7,FALSE,0.651825912956478,0.612806403201601,0.793396698349175,0.793396698349175,0.773386693346673,0.773386693346673,0.867433716858429,0.867433716858429,0.837418709354677,0.837418709354677,0.652826413206603,0.652826413206603,0.699349674837419,0.701850925462731,0.92696348174087,0.824912456228114,0.977988994497249,0.699849924962481,0.961480740370185,0.702351175587794,0.713856928464232,0.732866433216608,NA,1,1,1,1,1,1
"125",100,5,7,FALSE,0.617894736842105,0.581052631578947,0.627368421052632,0.627368421052632,0.629473684210526,0.629473684210526,0.48,0.48,0.522105263157895,0.522105263157895,0.486315789473684,0.486315789473684,0.636842105263158,0.635789473684211,0.787368421052632,0.731578947368421,0.813684210526316,0.633684210526316,0.762105263157895,0.635789473684211,0.637894736842105,0.652631578947368,NA,0.852631578947368,0.852631578947368,0.873684210526316,0.873684210526316,0.877894736842105,0.877894736842105
"126",500,5,7,FALSE,0.642828282828283,0.57979797979798,0.659393939393939,0.659393939393939,0.659393939393939,0.659393939393939,0.593535353535354,0.593535353535354,0.677777777777778,0.677777777777778,0.537777777777778,0.537777777777778,0.643636363636364,0.646464646464647,0.804848484848485,0.727272727272727,0.838383838383838,0.639191919191919,0.789090909090909,0.643232323232323,0.647676767676768,0.661010101010101,NA,0.898989898989899,0.898989898989899,0.911111111111111,0.911111111111111,0.911111111111111,0.911111111111111
"127",1000,5,7,FALSE,0.648844221105528,0.592964824120603,0.675979899497487,0.675979899497487,0.667939698492462,0.667939698492462,0.676984924623116,0.676984924623116,0.73105527638191,0.73105527638191,0.58251256281407,0.58251256281407,0.643015075376884,0.653869346733668,0.792763819095477,0.727236180904523,0.84,0.637788944723618,0.796582914572864,0.640804020100503,0.655879396984925,0.663718592964824,NA,0.888643216080402,0.888643216080402,0.916381909547739,0.916381909547739,0.916582914572864,0.916582914572864
"128",2000,5,7,FALSE,0.615087719298246,0.575538847117794,0.695839598997494,0.695839598997494,0.679398496240601,0.679398496240601,0.735338345864662,0.735338345864662,0.741604010025063,0.741604010025063,0.623859649122807,0.623859649122807,0.639799498746867,0.631578947368421,0.796190476190476,0.744260651629073,0.839298245614035,0.633483709273183,0.798095238095238,0.642907268170426,0.643107769423559,0.667368421052632,NA,0.892230576441103,0.892230576441103,0.914586466165414,0.914586466165414,0.924310776942356,0.924310776942356
"129",100,10,7,FALSE,0.602222222222222,0.573333333333333,0.612222222222222,0.612222222222222,0.622222222222222,0.622222222222222,0.47,0.47,0.54,0.54,0.488888888888889,0.488888888888889,0.623888888888889,0.63,0.784444444444444,0.714444444444444,0.807222222222222,0.622222222222222,0.754444444444444,0.621666666666667,0.622222222222222,0.632777777777778,NA,0.813333333333333,0.813333333333333,0.827777777777778,0.827777777777778,0.825555555555556,0.825555555555556
"130",500,10,7,FALSE,0.620816326530612,0.577755102040816,0.653265306122449,0.653265306122449,0.652448979591837,0.652448979591837,0.61,0.61,0.67469387755102,0.67469387755102,0.544285714285714,0.544285714285714,0.636122448979592,0.631938775510204,0.789081632653061,0.731122448979592,0.828571428571429,0.634285714285714,0.783877551020408,0.634489795918367,0.643673469387755,0.657142857142857,NA,0.866326530612245,0.866326530612245,0.883673469387755,0.883673469387755,0.892857142857143,0.892857142857143
"131",1000,10,7,FALSE,0.612929292929293,0.569393939393939,0.652929292929293,0.652929292929293,0.646868686868687,0.646868686868687,0.647272727272727,0.647272727272727,0.704848484848485,0.704848484848485,0.562121212121212,0.562121212121212,0.624242424242424,0.626363636363636,0.789393939393939,0.716161616161616,0.825252525252525,0.615757575757576,0.777272727272727,0.623333333333333,0.622222222222222,0.647979797979798,NA,0.865050505050505,0.865050505050505,0.875757575757576,0.875757575757576,0.88030303030303,0.88030303030303
"132",2000,10,7,FALSE,0.609346733668342,0.577336683417085,0.68427135678392,0.68427135678392,0.671005025125628,0.671005025125628,0.719849246231156,0.719849246231156,0.726532663316583,0.726532663316583,0.61537688442211,0.61537688442211,0.633819095477387,0.637839195979899,0.793266331658291,0.741356783919598,0.828693467336683,0.636180904522613,0.784371859296482,0.637035175879397,0.631507537688442,0.660753768844221,NA,0.886633165829146,0.886633165829146,0.899849246231156,0.899849246231156,0.903115577889447,0.903115577889447
"133",100,1,9,FALSE,0.686868686868687,0.666666666666667,0.717171717171717,0.717171717171717,0.737373737373737,0.737373737373737,0.404040404040404,0.404040404040404,0.464646464646465,0.464646464646465,0.424242424242424,0.424242424242424,0.727272727272727,0.737373737373737,0.94949494949495,0.818181818181818,0.96969696969697,0.747474747474748,0.94949494949495,0.737373737373737,0.757575757575758,0.777777777777778,NA,1,1,1,1,1,1
"134",500,1,9,FALSE,0.746492985971944,0.607214428857715,0.723446893787575,0.723446893787575,0.745490981963928,0.745490981963928,0.424849699398798,0.424849699398798,0.627254509018036,0.627254509018036,0.420841683366733,0.420841683366733,0.703406813627255,0.703406813627255,0.961923847695391,0.829659318637275,0.991983967935872,0.695390781563126,0.975951903807615,0.685370741482966,0.701402805611222,0.735470941883767,NA,1,1,1,1,1,1
"135",1000,1,9,FALSE,0.721721721721722,0.591591591591592,0.760760760760761,0.760760760760761,0.76976976976977,0.76976976976977,0.555555555555556,0.555555555555556,0.77977977977978,0.77977977977978,0.477477477477477,0.477477477477477,0.682682682682683,0.716716716716717,0.933933933933934,0.832832832832833,0.988988988988989,0.698698698698699,0.964964964964965,0.707707707707708,0.702702702702703,0.748748748748749,NA,1,1,1,1,1,1
"136",2000,1,9,FALSE,0.734367183591796,0.608304152076038,0.780890445222611,0.780890445222611,0.775887943971986,0.775887943971986,0.718359179589795,0.718359179589795,0.787893946973487,0.787893946973487,0.502751375687844,0.502751375687844,0.699849924962481,0.709854927463732,0.947473736868434,0.834417208604302,0.986993496748374,0.708354177088544,0.971985992996498,0.696848424212106,0.699849924962481,0.739369684842421,NA,1,1,1,1,1,1
"137",100,5,9,FALSE,0.631578947368421,0.570526315789474,0.60421052631579,0.60421052631579,0.625263157894737,0.625263157894737,0.418947368421053,0.418947368421053,0.465263157894737,0.465263157894737,0.435789473684211,0.435789473684211,0.625263157894737,0.625263157894737,0.823157894736842,0.76,0.853684210526316,0.623157894736842,0.791578947368421,0.618947368421053,0.627368421052632,0.644210526315789,NA,0.938947368421053,0.938947368421053,0.949473684210526,0.949473684210526,0.936842105263158,0.936842105263158
"138",500,5,9,FALSE,0.626262626262626,0.564848484848485,0.633939393939394,0.633939393939394,0.645252525252525,0.645252525252525,0.452525252525253,0.452525252525253,0.591515151515152,0.591515151515152,0.445252525252525,0.445252525252525,0.61979797979798,0.626262626262626,0.823838383838384,0.762828282828283,0.86989898989899,0.623838383838384,0.810909090909091,0.622626262626263,0.616969696969697,0.65050505050505,NA,0.967272727272727,0.967272727272727,0.971313131313131,0.971313131313131,0.971717171717172,0.971717171717172
"139",1000,5,9,FALSE,0.627839195979899,0.568643216080402,0.641005025125628,0.641005025125628,0.640804020100503,0.640804020100503,0.542311557788945,0.542311557788945,0.66713567839196,0.66713567839196,0.487236180904523,0.487236180904523,0.617688442211055,0.617889447236181,0.804020100502513,0.768643216080402,0.886030150753769,0.608040201005025,0.830753768844221,0.627738693467337,0.619899497487437,0.644824120603015,NA,0.951758793969849,0.951758793969849,0.967437185929648,0.967437185929648,0.968040201005025,0.968040201005025
"140",2000,5,9,FALSE,0.631629072681704,0.576641604010025,0.667167919799499,0.667167919799499,0.665864661654135,0.665864661654135,0.61453634085213,0.61453634085213,0.729824561403509,0.729824561403509,0.505764411027569,0.505764411027569,0.636992481203007,0.640100250626566,0.83047619047619,0.761102756892231,0.895137844611529,0.631578947368421,0.837694235588972,0.635187969924812,0.637894736842105,0.658045112781955,NA,0.971829573934837,0.971829573934837,0.980250626566416,0.980250626566416,0.984260651629073,0.984260651629073
"141",100,10,9,FALSE,0.606666666666667,0.565555555555555,0.597777777777778,0.597777777777778,0.615555555555556,0.615555555555556,0.427777777777778,0.427777777777778,0.478888888888889,0.478888888888889,0.44,0.44,0.615555555555556,0.617777777777778,0.801111111111111,0.744444444444444,0.84,0.618888888888889,0.773333333333333,0.62,0.617777777777778,0.626666666666667,NA,0.875555555555556,0.875555555555556,0.893333333333333,0.893333333333333,0.894444444444444,0.894444444444444
"142",500,10,9,FALSE,0.642857142857143,0.573877551020408,0.648163265306122,0.648163265306122,0.658571428571429,0.658571428571429,0.480408163265306,0.480408163265306,0.620408163265306,0.620408163265306,0.477142857142857,0.477142857142857,0.63734693877551,0.643469387755102,0.833265306122449,0.745102040816327,0.87469387755102,0.635510204081633,0.816530612244898,0.630204081632653,0.635918367346939,0.652244897959184,NA,0.923265306122449,0.923265306122449,0.931224489795918,0.931224489795918,0.93734693877551,0.93734693877551
"143",1000,10,9,FALSE,0.648787878787879,0.586161616161616,0.660909090909091,0.660909090909091,0.664242424242424,0.664242424242424,0.552525252525253,0.552525252525253,0.67020202020202,0.67020202020202,0.507070707070707,0.507070707070707,0.634848484848485,0.639191919191919,0.819292929292929,0.747676767676768,0.881414141414141,0.631010101010101,0.835151515151515,0.634646464646465,0.633333333333333,0.655858585858586,NA,0.937272727272727,0.937272727272727,0.946767676767677,0.946767676767677,0.949292929292929,0.949292929292929
"144",2000,10,9,FALSE,0.636909547738693,0.569095477386935,0.67070351758794,0.67070351758794,0.666884422110553,0.666884422110553,0.625075376884422,0.625075376884422,0.71678391959799,0.71678391959799,0.529849246231156,0.529849246231156,0.629195979899497,0.63,0.8278391959799,0.773417085427136,0.876180904522613,0.625175879396985,0.830050251256281,0.629447236180904,0.632914572864322,0.650251256281407,NA,0.943266331658291,0.943266331658291,0.951859296482412,0.951859296482412,0.956030150753769,0.956030150753769
"145",100,1,11,FALSE,0.656565656565657,0.585858585858586,0.606060606060606,0.606060606060606,0.636363636363636,0.636363636363636,0.313131313131313,0.313131313131313,0.358585858585859,0.358585858585859,0.343434343434343,0.343434343434343,0.646464646464647,0.666666666666667,0.939393939393939,0.858585858585859,0.97979797979798,0.646464646464647,0.929292929292929,0.666666666666667,0.666666666666667,0.676767676767677,NA,1,1,1,1,1,1
"146",500,1,11,FALSE,0.687374749498998,0.593186372745491,0.657314629258517,0.657314629258517,0.691382765531062,0.691382765531062,0.350701402805611,0.350701402805611,0.529058116232465,0.529058116232465,0.362725450901804,0.362725450901804,0.667334669338677,0.671342685370741,0.929859719438878,0.813627254509018,0.987975951903808,0.647294589178357,0.963927855711423,0.659318637274549,0.665330661322645,0.701402805611222,NA,1,1,1,1,1,1
"147",1000,1,11,FALSE,0.675675675675676,0.55955955955956,0.65965965965966,0.65965965965966,0.683683683683684,0.683683683683684,0.352352352352352,0.352352352352352,0.576576576576577,0.576576576576577,0.352352352352352,0.352352352352352,0.61961961961962,0.636636636636637,0.931931931931932,0.840840840840841,0.990990990990991,0.620620620620621,0.967967967967968,0.627627627627628,0.617617617617618,0.656656656656657,NA,1,1,1,1,1,1
"148",2000,1,11,FALSE,0.67783891945973,0.586293146573287,0.729864932466233,0.729864932466233,0.731365682841421,0.731365682841421,0.467733866933467,0.467733866933467,0.726363181590795,0.726363181590795,0.406203101550775,0.406203101550775,0.700350175087544,0.674337168584292,0.938469234617309,0.850925462731366,0.987493746873437,0.682841420710355,0.964982491245623,0.668334167083542,0.698349174587294,0.722861430715358,NA,1,1,1,1,1,1
"149",100,5,11,FALSE,0.616842105263158,0.56,0.589473684210526,0.589473684210526,0.60421052631579,0.60421052631579,0.389473684210526,0.389473684210526,0.421052631578947,0.421052631578947,0.402105263157895,0.402105263157895,0.602105263157895,0.606315789473684,0.823157894736842,0.758947368421053,0.862105263157895,0.6,0.793684210526316,0.604210526315789,0.595789473684211,0.614736842105263,NA,0.962105263157895,0.962105263157895,0.966315789473684,0.966315789473684,0.96421052631579,0.96421052631579
"150",500,5,11,FALSE,0.655555555555556,0.581818181818182,0.625454545454545,0.625454545454545,0.63959595959596,0.63959595959596,0.4,0.4,0.538181818181818,0.538181818181818,0.415757575757576,0.415757575757576,0.631111111111111,0.621010101010101,0.855353535353535,0.774141414141414,0.926060606060606,0.612929292929293,0.858585858585859,0.627878787878788,0.623434343434343,0.644444444444444,NA,0.995151515151515,0.995151515151515,0.997575757575758,0.997575757575758,0.997575757575758,0.997575757575758
"151",1000,5,11,FALSE,0.638693467336683,0.578492462311558,0.640201005025126,0.640201005025126,0.645226130653266,0.645226130653266,0.431758793969849,0.431758793969849,0.614070351758794,0.614070351758794,0.431758793969849,0.431758793969849,0.63035175879397,0.632160804020101,0.834974874371859,0.775075376884422,0.921407035175879,0.620100502512563,0.861507537688442,0.62713567839196,0.63035175879397,0.656884422110553,NA,0.993768844221106,0.993768844221106,0.994572864321608,0.994572864321608,0.995175879396985,0.995175879396985
"152",2000,5,11,FALSE,0.645914786967419,0.576541353383459,0.656240601503759,0.656240601503759,0.657944862155388,0.657944862155388,0.493734335839599,0.493734335839599,0.691428571428571,0.691428571428571,0.467468671679198,0.467468671679198,0.632681704260652,0.624561403508772,0.854636591478697,0.776140350877193,0.935037593984962,0.631278195488722,0.883007518796992,0.631278195488722,0.628471177944862,0.651127819548872,NA,0.996591478696742,0.996591478696742,0.998095238095238,0.998095238095238,0.997894736842105,0.997894736842105
"153",100,10,11,FALSE,0.605555555555556,0.551111111111111,0.577777777777778,0.577777777777778,0.596666666666667,0.596666666666667,0.394444444444444,0.394444444444444,0.439444444444444,0.439444444444444,0.415555555555556,0.415555555555556,0.601111111111111,0.593333333333333,0.815555555555556,0.747222222222222,0.862222222222222,0.597777777777778,0.788888888888889,0.595555555555556,0.588888888888889,0.605555555555556,NA,0.922222222222222,0.922222222222222,0.932222222222222,0.932222222222222,0.931111111111111,0.931111111111111
"154",500,10,11,FALSE,0.621224489795918,0.556734693877551,0.602244897959184,0.602244897959184,0.618367346938775,0.618367346938775,0.404285714285714,0.404285714285714,0.539795918367347,0.539795918367347,0.421632653061224,0.421632653061224,0.60469387755102,0.600612244897959,0.827142857142857,0.763265306122449,0.902040816326531,0.597551020408163,0.826326530612245,0.602857142857143,0.606122448979592,0.619183673469388,NA,0.959183673469388,0.959183673469388,0.969591836734694,0.969591836734694,0.971632653061224,0.971632653061224
"155",1000,10,11,FALSE,0.645353535353535,0.564545454545455,0.638080808080808,0.638080808080808,0.645656565656566,0.645656565656566,0.434646464646465,0.434646464646465,0.612525252525252,0.612525252525252,0.434646464646465,0.434646464646465,0.62010101010101,0.625050505050505,0.836060606060606,0.77030303030303,0.903232323232323,0.618888888888889,0.842525252525253,0.618484848484849,0.62,0.638080808080808,NA,0.977070707070707,0.977070707070707,0.983333333333333,0.983333333333333,0.982626262626263,0.982626262626263
"156",2000,10,11,FALSE,0.622211055276382,0.557688442211055,0.632964824120603,0.632964824120603,0.634824120603015,0.634824120603015,0.474974874371859,0.474974874371859,0.652462311557789,0.652462311557789,0.435929648241206,0.435929648241206,0.599447236180905,0.599045226130653,0.834773869346734,0.777839195979899,0.889798994974874,0.59964824120603,0.834522613065327,0.602110552763819,0.597638190954774,0.626381909547739,NA,0.976030150753769,0.976030150753769,0.981356783919598,0.981356783919598,0.982763819095477,0.982763819095477
"157",100,1,17,FALSE,0.666666666666667,0.525252525252525,0.585858585858586,0.585858585858586,0.595959595959596,0.595959595959596,0.0404040404040404,0.0404040404040404,0.363636363636364,0.363636363636364,0.303030303030303,0.303030303030303,0.585858585858586,0.585858585858586,0.939393939393939,0.858585858585859,0.97979797979798,0.606060606060606,0.909090909090909,0.595959595959596,0.585858585858586,0.616161616161616,NA,NA,NA,NA,NA,NA,NA
"158",500,1,17,FALSE,0.7374749498998,0.577154308617234,0.659318637274549,0.659318637274549,0.683366733466934,0.683366733466934,0.236472945891784,0.236472945891784,0.31062124248497,0.31062124248497,0.278557114228457,0.278557114228457,0.659318637274549,0.661322645290581,0.947895791583166,0.845691382765531,0.993987975951904,0.637274549098196,0.971943887775551,0.655310621242485,0.645290581162325,0.663326653306613,NA,1,1,1,1,1,1
"159",1000,1,17,FALSE,0.620620620620621,0.525525525525526,0.573573573573574,0.573573573573574,0.587587587587588,0.587587587587588,0.205205205205205,0.205205205205205,0.287287287287287,0.287287287287287,0.244244244244244,0.244244244244244,0.566566566566567,0.575575575575576,0.964964964964965,0.854854854854855,0.996996996996997,0.554554554554555,0.967967967967968,0.56956956956957,0.567567567567568,0.57957957957958,NA,1,1,1,1,1,1
"160",2000,1,17,FALSE,0.703101550775388,0.580290145072536,0.702851425712856,0.702851425712856,0.705852926463232,0.705852926463232,0.270635317658829,0.270635317658829,0.419709854927464,0.419709854927464,0.269634817408704,0.269634817408704,0.646823411705853,0.64632316158079,0.957478739369685,0.87343671835918,0.998999499749875,0.656328164082041,0.984492246123062,0.659329664832416,0.670335167583792,0.680840420210105,NA,1,1,1,1,1,1
"161",100,5,17,FALSE,0.630526315789474,0.557894736842105,0.587368421052632,0.587368421052632,0.6,0.6,0.235789473684211,0.235789473684211,0.382105263157895,0.382105263157895,0.366315789473684,0.366315789473684,0.598947368421053,0.6,0.846315789473684,0.789473684210526,0.909473684210526,0.606315789473684,0.825263157894737,0.595789473684211,0.602105263157895,0.602105263157895,NA,NA,NA,NA,NA,NA,NA
"162",500,5,17,FALSE,0.622424242424242,0.55030303030303,0.595959595959596,0.595959595959596,0.604848484848485,0.604848484848485,0.308686868686869,0.308686868686869,0.370505050505051,0.370505050505051,0.318383838383838,0.318383838383838,0.595959595959596,0.595959595959596,0.854949494949495,0.791111111111111,0.962424242424242,0.591515151515152,0.884444444444444,0.594343434343434,0.594343434343434,0.604848484848485,NA,1,1,1,1,1,1
"163",1000,5,17,FALSE,0.633768844221106,0.569849246231156,0.621708542713568,0.621708542713568,0.62713567839196,0.62713567839196,0.312361809045226,0.312361809045226,0.407437185929648,0.407437185929648,0.326834170854271,0.326834170854271,0.606633165829146,0.607638190954774,0.872964824120603,0.795175879396985,0.967638190954774,0.608241206030151,0.896884422110553,0.612462311557789,0.61427135678392,0.618291457286432,NA,1,1,1,1,1,1
"164",2000,5,17,FALSE,0.633383458646617,0.556892230576441,0.618045112781955,0.618045112781955,0.620751879699248,0.620751879699248,0.314185463659148,0.314185463659148,0.473784461152882,0.473784461152882,0.323408521303258,0.323408521303258,0.601704260651629,0.595388471177945,0.86937343358396,0.784360902255639,0.968220551378446,0.591077694235589,0.906365914786967,0.594385964912281,0.598496240601504,0.615438596491228,NA,1,1,1,1,1,1
"165",100,10,17,FALSE,0.618333333333333,0.567777777777778,0.59,0.59,0.603333333333333,0.603333333333333,0.292222222222222,0.292222222222222,0.405555555555556,0.405555555555556,0.376111111111111,0.376111111111111,0.6,0.61,0.842222222222222,0.755,0.896111111111111,0.607777777777778,0.813333333333333,0.603333333333333,0.604444444444444,0.605555555555556,NA,NA,NA,NA,NA,NA,NA
"166",500,10,17,FALSE,0.640204081632653,0.568367346938776,0.607755102040816,0.607755102040816,0.616734693877551,0.616734693877551,0.325102040816327,0.325102040816327,0.401020408163265,0.401020408163265,0.338775510204082,0.338775510204082,0.610204081632653,0.608775510204082,0.848265306122449,0.772857142857143,0.940816326530612,0.600816326530612,0.863061224489796,0.60530612244898,0.605714285714286,0.618571428571429,NA,0.999795918367347,0.999795918367347,0.999795918367347,0.999795918367347,0.999795918367347,0.999795918367347
"167",1000,10,17,FALSE,0.635151515151515,0.561111111111111,0.617171717171717,0.617171717171717,0.624343434343434,0.624343434343434,0.318787878787879,0.318787878787879,0.424141414141414,0.424141414141414,0.331212121212121,0.331212121212121,0.604848484848485,0.604848484848485,0.855151515151515,0.788282828282828,0.953030303030303,0.597676767676768,0.877474747474748,0.602424242424242,0.602929292929293,0.62,NA,0.99979797979798,0.99979797979798,0.99989898989899,0.99989898989899,0.99979797979798,0.99979797979798
"168",2000,10,17,FALSE,0.635552763819095,0.553366834170854,0.619195979899497,0.619195979899497,0.620804020100503,0.620804020100503,0.322613065326633,0.322613065326633,0.48251256281407,0.48251256281407,0.333718592964824,0.333718592964824,0.60035175879397,0.597437185929648,0.858442211055276,0.779497487437186,0.95286432160804,0.59,0.873969849246231,0.599095477386935,0.599949748743719,0.616030150753769,NA,0.999899497487437,0.999899497487437,0.999949748743719,0.999949748743719,0.999899497487437,0.999899497487437
