"","auc(roc_Loo_multi)","auc(roc_Loo)","auc(roc_KNN_log_N_P)","auc(roc_KNN_log_N_P_diff_net)","auc(roc_KNN_5_sqrt_N)","auc(roc_KNN_5_sqrt_N_diff_net)","auc(roc_optics_k_mean)","auc(roc_optics_k_mean_diff_net)","auc(roc_optics_k_5)","auc(roc_optics_k_5_diff_net)","auc(roc_optics_sqrt_n)","auc(roc_optics_sqrt_n_diff_net)","auc(roc_OTS)","auc(roc_OTS_diff_net)","auc(roc_OTS_cosine)","auc(roc_OTS_diff_net_cosine)","auc(roc_OTS_cosine_med)","auc(roc_OTS_euc_med)","auc(roc_OTS_glob_avg_OTS)","auc(roc_spoutlier)","auc(roc_spoutlier_diff_net)","auc(roc_spoutlier_diff_net_norm)","auc_DPCC","auc(roc_cook_max)","auc(roc_cook_max_diff_net)","auc(roc_cook_avg)","auc(roc_cook_avg_diff_net)","auc(roc_cook_med)","auc(roc_cook_med_diff_net)","NA","NA","NA","NA"
"1",100,1,2,TRUE,0.611111111111111,0.621212121212121,0.608585858585859,0.608585858585859,0.626262626262626,0.626262626262626,0.527777777777778,0.527777777777778,0.348484848484849,0.348484848484849,0.537878787878788,0.537878787878788,0.515151515151515,0.621212121212121,0.5,0.5,NA,0.560606060606061,NA,0.54040404040404,0.661616161616162,0.704545454545455,0.616161616161616,0.616161616161616,0.616161616161616,0.616161616161616,0.616161616161616,0.616161616161616,0.616161616161616
"2",500,1,2,TRUE,0.798597194388778,0.80060120240481,0.768537074148297,0.768537074148297,0.774549098196393,0.774549098196393,0.402304609218437,0.402304609218437,0.503006012024048,0.503006012024048,0.693386773547094,0.693386773547094,0.748496993987976,0.665831663326653,0.5,0.5,NA,0.761022044088176,NA,0.769539078156313,0.759519038076152,0.854709418837675,0.801603206412826,0.80060120240481,0.80060120240481,0.80060120240481,0.80060120240481,0.80060120240481,0.80060120240481
"3",1000,1,2,TRUE,0.651651651651652,0.653653653653654,0.574574574574575,0.574574574574575,0.659159159159159,0.659159159159159,0.488488488488488,0.488488488488488,0.44019019019019,0.44019019019019,0.396896896896897,0.396896896896897,0.652152152152152,0.609109109109109,0.5,0.5,NA,0.616116116116116,NA,0.526526526526526,0.569069069069069,0.686686686686687,0.653153153153153,0.653153153153153,0.653153153153153,0.653153153153153,0.653153153153153,0.653153153153153,0.653153153153153
"4",2000,1,2,TRUE,0.545397698849425,0.539269634817409,0.567033516758379,0.567033516758379,0.546023011505753,0.546023011505753,0.336168084042021,0.336168084042021,0.395697848924462,0.395697848924462,0.741995997999,0.741995997999,0.42296148074037,0.55727863931966,0.5,0.5,NA,0.523261630815408,NA,0.620310155077539,0.530765382691346,0.626313156578289,0.53951975987994,0.53951975987994,0.53951975987994,0.53951975987994,0.53951975987994,0.53951975987994,0.53951975987994
"5",100,5,2,TRUE,0.554736842105263,0.556842105263158,0.55,0.55,0.541052631578947,0.541052631578947,0.51,0.51,0.466842105263158,0.466842105263158,0.513157894736842,0.513157894736842,0.577894736842105,0.508947368421053,0.5,0.5,NA,0.523157894736842,NA,0.557894736842105,0.53,0.55,0.555789473684211,0.556842105263158,0.556842105263158,0.556842105263158,0.556842105263158,0.556842105263158,0.556842105263158
"6",500,5,2,TRUE,0.563838383838384,0.559393939393939,0.582626262626263,0.582626262626263,0.54969696969697,0.54969696969697,0.544545454545455,0.544545454545455,0.51,0.51,0.519090909090909,0.519090909090909,0.544242424242424,0.547373737373737,0.5,0.5,NA,0.557777777777778,NA,0.572222222222222,0.578989898989899,0.546666666666667,0.55979797979798,0.56,0.56,0.56,0.56,0.56,0.56
"7",1000,5,2,TRUE,0.600954773869347,0.600201005025126,0.582010050251256,0.582010050251256,0.60572864321608,0.60572864321608,0.472361809045226,0.472361809045226,0.459949748743719,0.459949748743719,0.578040201005025,0.578040201005025,0.559698492462312,0.597738693467337,0.5,0.5,NA,0.590653266331658,NA,0.621859296482412,0.59035175879397,0.612160804020101,0.600402010050251,0.600402010050251,0.600402010050251,0.600402010050251,0.600402010050251,0.600402010050251,0.600402010050251
"8",2000,5,2,TRUE,0.605288220551378,0.606416040100251,0.593834586466165,0.593834586466165,0.613132832080201,0.613132832080201,0.476040100250627,0.476040100250627,0.478872180451128,0.478872180451128,0.553508771929825,0.553508771929825,0.58796992481203,0.628370927318296,0.5,0.5,NA,0.613157894736842,NA,0.611629072681704,0.566165413533835,0.52546365914787,0.606416040100251,0.606466165413534,0.606466165413534,0.606466165413534,0.606466165413534,0.606466165413534,0.606466165413534
"9",100,10,2,TRUE,0.561111111111111,0.561666666666667,0.551388888888889,0.551388888888889,0.564444444444444,0.564444444444444,0.483055555555556,0.483055555555556,0.484722222222222,0.484722222222222,0.514722222222222,0.514722222222222,0.573611111111111,0.561944444444444,0.5,0.5,NA,0.584166666666667,NA,0.564722222222222,0.585555555555556,0.558055555555556,0.561111111111111,0.560555555555556,0.560555555555556,0.560555555555556,0.560555555555556,0.560555555555556,0.560555555555556
"10",500,10,2,TRUE,0.563418367346939,0.56734693877551,0.567857142857143,0.567857142857143,0.563673469387755,0.563673469387755,0.476173469387755,0.476173469387755,0.4725,0.4725,0.553979591836735,0.553979591836735,0.543775510204082,0.564489795918367,0.5,0.5,NA,0.572040816326531,NA,0.575816326530612,0.561122448979592,0.563775510204082,0.567551020408163,0.56765306122449,0.56765306122449,0.56765306122449,0.56765306122449,0.56765306122449,0.56765306122449
"11",1000,10,2,TRUE,0.55280303030303,0.55489898989899,0.533737373737374,0.533737373737374,0.547929292929293,0.547929292929293,0.436060606060606,0.436060606060606,0.424015151515152,0.424015151515152,0.535858585858586,0.535858585858586,0.546313131313131,0.546969696969697,0.5,0.5,NA,0.568434343434344,NA,0.542727272727273,0.565505050505051,0.552626262626263,0.55489898989899,0.554848484848485,0.554848484848485,0.554848484848485,0.554848484848485,0.554848484848485,0.554848484848485
"12",2000,10,2,TRUE,0.59751256281407,0.598065326633166,0.595376884422111,0.595376884422111,0.61,0.61,0.458015075376884,0.458015075376884,0.435866834170854,0.435866834170854,0.552374371859296,0.552374371859296,0.53608040201005,0.567412060301508,0.5,0.5,NA,0.59037688442211,NA,0.58678391959799,0.58894472361809,0.626155778894472,0.598140703517588,0.598065326633166,0.598065326633166,0.598065326633166,0.598065326633166,0.598065326633166,0.598065326633166
"13",100,1,3,TRUE,0.722222222222222,0.722222222222222,0.767676767676768,0.767676767676768,0.782828282828283,0.782828282828283,0.590909090909091,0.590909090909091,0.601010101010101,0.601010101010101,0.717171717171717,0.717171717171717,0.767676767676768,0.757575757575758,0.590909090909091,0.618686868686869,0.78030303030303,0.742424242424242,0.797979797979798,0.727272727272727,0.712121212121212,0.803030303030303,NA,0.782828282828283,0.782828282828283,0.782828282828283,0.782828282828283,0.797979797979798,0.797979797979798
"14",500,1,3,TRUE,0.57815631262525,0.708416833667335,0.822645290581162,0.822645290581162,0.816633266533066,0.816633266533066,0.732464929859719,0.732464929859719,0.732464929859719,0.732464929859719,0.763527054108216,0.763527054108216,0.658316633266533,0.82064128256513,0.725450901803607,0.703406813627255,0.687374749498998,0.808617234468938,0.7374749498998,0.760521042084168,0.814629258517034,0.722444889779559,NA,0.821643286573146,0.821643286573146,0.801603206412826,0.801603206412826,0.771543086172345,0.771543086172345
"15",1000,1,3,TRUE,0.728728728728729,0.698698698698699,0.878378378378378,0.878378378378378,0.866866866866867,0.866866866866867,0.647647647647648,0.647647647647648,0.647647647647648,0.647647647647648,0.861361361361361,0.861361361361361,0.78028028028028,0.75975975975976,0.831331331331331,0.556056056056056,0.823323323323323,0.831331331331331,0.812812812812813,0.774774774774775,0.798298298298298,0.744744744744745,NA,0.907907907907908,0.907907907907908,0.922422422422422,0.922422422422422,0.930930930930931,0.930930930930931
"16",2000,1,3,TRUE,0.424212106053027,0.541020510255128,0.556028014007004,0.556028014007004,0.560530265132566,0.560530265132566,0.687968984492246,0.687968984492246,0.687968984492246,0.687968984492246,0.694347173586793,0.694347173586793,0.527263631815908,0.56328164082041,0.67583791895948,0.511505752876438,0.584792396198099,0.536518259129565,0.649574787393697,0.622311155577789,0.555527763881941,0.574537268634317,NA,0.674587293646823,0.674587293646823,0.674587293646823,0.674587293646823,0.642821410705353,0.642821410705353
"17",100,5,3,TRUE,0.563157894736842,0.574736842105263,0.629473684210526,0.629473684210526,0.614736842105263,0.614736842105263,0.638947368421053,0.638947368421053,0.634736842105263,0.634736842105263,0.618947368421053,0.618947368421053,0.627368421052632,0.630526315789474,0.666842105263158,0.581052631578947,0.669473684210526,0.653157894736842,0.668421052631579,0.608947368421053,0.627368421052632,0.650526315789474,NA,0.628421052631579,0.628421052631579,0.637894736842105,0.637894736842105,0.637894736842105,0.637894736842105
"18",500,5,3,TRUE,0.573232323232323,0.602424242424242,0.67050505050505,0.67050505050505,0.665050505050505,0.665050505050505,0.599191919191919,0.599191919191919,0.599191919191919,0.599191919191919,0.696363636363636,0.696363636363636,0.641616161616162,0.646868686868687,0.692727272727273,0.567676767676768,0.706060606060606,0.653939393939394,0.675757575757576,0.636767676767677,0.642828282828283,0.646868686868687,NA,0.676363636363636,0.676363636363636,0.699393939393939,0.699393939393939,0.696969696969697,0.696969696969697
"19",1000,5,3,TRUE,0.541608040201005,0.560201005025126,0.641507537688442,0.641507537688442,0.644020100502513,0.644020100502513,0.632713567839196,0.632713567839196,0.632713567839196,0.632713567839196,0.665427135678392,0.665427135678392,0.616180904522613,0.624522613065327,0.649246231155779,0.642412060301508,0.665829145728643,0.611457286432161,0.642914572864322,0.608542713567839,0.596482412060301,0.645628140703518,NA,0.653165829145729,0.653165829145729,0.67105527638191,0.67105527638191,0.689547738693467,0.689547738693467
"20",2000,5,3,TRUE,0.533107769423559,0.557293233082707,0.639097744360902,0.639097744360902,0.635739348370927,0.635739348370927,0.623609022556391,0.623609022556391,0.623609022556391,0.623609022556391,0.679398496240601,0.679398496240601,0.605012531328321,0.589097744360902,0.624661654135338,0.613082706766917,0.642055137844612,0.622907268170426,0.640952380952381,0.587167919799499,0.625012531328321,0.620050125313283,NA,0.665513784461153,0.665513784461153,0.660701754385965,0.660701754385965,0.640551378446115,0.640551378446115
"21",100,10,3,TRUE,0.518333333333333,0.577777777777778,0.591666666666667,0.591666666666667,0.589444444444444,0.589444444444444,0.5925,0.5925,0.578055555555556,0.578055555555556,0.570277777777778,0.570277777777778,0.553055555555556,0.608055555555556,0.594166666666667,0.575833333333333,0.633055555555556,0.595277777777778,0.625,0.5875,0.585,0.593055555555556,NA,0.606666666666667,0.606666666666667,0.615555555555556,0.615555555555556,0.620555555555556,0.620555555555556
"22",500,10,3,TRUE,0.535714285714286,0.562857142857143,0.614387755102041,0.614387755102041,0.611938775510204,0.611938775510204,0.617091836734694,0.617091836734694,0.617091836734694,0.617091836734694,0.646530612244898,0.646530612244898,0.603112244897959,0.616683673469388,0.656632653061225,0.577959183673469,0.689795918367347,0.615714285714286,0.674489795918367,0.589336734693878,0.605,0.577142857142857,NA,0.633061224489796,0.633061224489796,0.637244897959184,0.637244897959184,0.63469387755102,0.63469387755102
"23",1000,10,3,TRUE,0.559469696969697,0.575353535353535,0.611262626262626,0.611262626262626,0.612222222222222,0.612222222222222,0.549368686868687,0.549368686868687,0.549368686868687,0.549368686868687,0.614747474747475,0.614747474747475,0.597777777777778,0.580252525252525,0.634267676767677,0.568333333333333,0.638434343434343,0.604242424242424,0.64030303030303,0.601818181818182,0.600656565656566,0.622171717171717,NA,0.61010101010101,0.61010101010101,0.619747474747475,0.619747474747475,0.63,0.63
"24",2000,10,3,TRUE,0.549133165829146,0.585527638190955,0.644748743718593,0.644748743718593,0.641030150753769,0.641030150753769,0.625778894472362,0.625778894472362,0.625778894472362,0.625778894472362,0.657035175879397,0.657035175879397,0.605477386934673,0.625376884422111,0.662412060301508,0.579195979899497,0.703467336683417,0.624422110552764,0.671708542713568,0.597236180904523,0.623316582914573,0.635829145728643,NA,0.645100502512563,0.645100502512563,0.646457286432161,0.646457286432161,0.637261306532663,0.637261306532663
"25",100,1,5,TRUE,0.404040404040404,0.601010101010101,0.651515151515151,0.651515151515151,0.651515151515151,0.651515151515151,0.429292929292929,0.429292929292929,0.585858585858586,0.585858585858586,0.404040404040404,0.404040404040404,0.646464646464646,0.676767676767677,0.845959595959596,0.80050505050505,0.924242424242424,0.646464646464646,0.863636363636364,0.671717171717172,0.651515151515152,0.636363636363636,NA,0.934343434343434,0.934343434343434,0.954545454545455,0.954545454545455,0.94949494949495,0.94949494949495
"26",500,1,5,TRUE,0.657815631262525,0.671342685370741,0.745490981963928,0.745490981963928,0.746492985971944,0.746492985971944,0.741482965931864,0.741482965931864,0.715430861723447,0.715430861723447,0.628256513026052,0.628256513026052,0.738476953907816,0.730460921843687,0.85871743486974,0.759519038076152,0.879759519038076,0.670340681362726,0.855711422845691,0.712424849699399,0.702404809619239,0.778557114228457,NA,0.980961923847695,0.980961923847695,0.985971943887776,0.985971943887776,0.985971943887776,0.985971943887776
"27",1000,1,5,TRUE,0.763513513513514,0.616116116116116,0.833333333333333,0.833333333333333,0.799299299299299,0.799299299299299,0.733233233233233,0.733233233233233,0.790790790790791,0.790790790790791,0.696196196196196,0.696196196196196,0.725225225225225,0.696196196196196,0.883383383383383,0.812312312312312,0.897897897897898,0.78028028028028,0.88038038038038,0.717717717717718,0.749249249249249,0.812312312312312,NA,0.978978978978979,0.978978978978979,0.971471471471472,0.971471471471472,0.958958958958959,0.958958958958959
"28",2000,1,5,TRUE,0.536393196598299,0.607553776888444,0.637568784392196,0.637568784392196,0.603051525762881,0.603051525762881,0.798649324662331,0.798649324662331,0.856678339169585,0.856678339169585,0.812906453226613,0.812906453226613,0.670085042521261,0.659579789894947,0.833666833416708,0.738369184592296,0.94472236118059,0.576288144072036,0.903701850925463,0.647323661830915,0.640570285142571,0.66608304152076,NA,0.963481740870435,0.963481740870435,0.984992496248124,0.984992496248124,0.987493746873437,0.987493746873437
"29",100,5,5,TRUE,0.649473684210526,0.596842105263158,0.643157894736842,0.643157894736842,0.641052631578947,0.641052631578947,0.623157894736842,0.623157894736842,0.641052631578947,0.641052631578947,0.605263157894737,0.605263157894737,0.638947368421053,0.636842105263158,0.771578947368421,0.691578947368421,0.778947368421053,0.659473684210526,0.741052631578947,0.657894736842105,0.641052631578947,0.632105263157895,NA,0.807368421052632,0.807368421052632,0.821052631578947,0.821052631578947,0.82,0.82
"30",500,5,5,TRUE,0.583333333333333,0.553737373737374,0.591313131313131,0.591313131313131,0.592929292929293,0.592929292929293,0.677575757575758,0.677575757575758,0.672222222222222,0.672222222222222,0.584040404040404,0.584040404040404,0.587676767676768,0.593333333333333,0.701111111111111,0.715959595959596,0.750909090909091,0.573737373737374,0.699393939393939,0.585050505050505,0.574949494949495,0.595656565656566,NA,0.755151515151515,0.755151515151515,0.771111111111111,0.771111111111111,0.782020202020202,0.782020202020202
"31",1000,5,5,TRUE,0.658190954773869,0.617688442211055,0.710150753768844,0.710150753768844,0.690653266331658,0.690653266331658,0.728442211055276,0.728442211055276,0.74964824120603,0.74964824120603,0.706331658291457,0.706331658291457,0.666331658291457,0.66,0.766834170854271,0.70643216080402,0.815276381909548,0.657788944723618,0.751557788944724,0.667638190954774,0.663417085427136,0.662914572864322,NA,0.796180904522613,0.796180904522613,0.808040201005025,0.808040201005025,0.824422110552764,0.824422110552764
"32",2000,5,5,TRUE,0.602406015037594,0.597543859649123,0.687218045112782,0.687218045112782,0.679398496240601,0.679398496240601,0.720300751879699,0.720300751879699,0.72671679197995,0.72671679197995,0.687619047619048,0.687619047619048,0.656992481203007,0.629122807017544,0.696992481203007,0.666115288220551,0.760050125313283,0.644310776942356,0.740100250626566,0.644411027568922,0.635639097744361,0.65203007518797,NA,0.791478696741855,0.791478696741855,0.810426065162907,0.810426065162907,0.830375939849624,0.830375939849624
"33",100,10,5,TRUE,0.605,0.537222222222222,0.592777777777778,0.592777777777778,0.593333333333333,0.593333333333333,0.562222222222222,0.562222222222222,0.576944444444444,0.576944444444444,0.545555555555556,0.545555555555556,0.592777777777778,0.602222222222222,0.71,0.6675,0.729722222222222,0.599444444444444,0.693333333333333,0.586944444444444,0.591944444444444,0.624722222222222,NA,0.691666666666667,0.691666666666667,0.705,0.705,0.715,0.715
"34",500,10,5,TRUE,0.605663265306122,0.571224489795918,0.66734693877551,0.66734693877551,0.65795918367347,0.65795918367347,0.716122448979592,0.716122448979592,0.694591836734694,0.694591836734694,0.660612244897959,0.660612244897959,0.646326530612245,0.637244897959184,0.772142857142857,0.679387755102041,0.781020408163265,0.642448979591837,0.732755102040816,0.641836734693878,0.639897959183674,0.663061224489796,NA,0.78030612244898,0.78030612244898,0.794081632653061,0.794081632653061,0.801428571428571,0.801428571428571
"35",1000,10,5,TRUE,0.574646464646465,0.597121212121212,0.671919191919192,0.671919191919192,0.658585858585859,0.658585858585859,0.718030303030303,0.718030303030303,0.711414141414141,0.711414141414141,0.673434343434343,0.673434343434343,0.642878787878788,0.643131313131313,0.773434343434343,0.698964646464647,0.791464646464646,0.642070707070707,0.733636363636364,0.648080808080808,0.646565656565657,0.664292929292929,NA,0.763737373737374,0.763737373737374,0.770353535353535,0.770353535353535,0.785909090909091,0.785909090909091
"36",2000,10,5,TRUE,0.604133165829146,0.583316582914573,0.708090452261307,0.708090452261307,0.691231155778894,0.691231155778894,0.749095477386935,0.749095477386935,0.748291457286432,0.748291457286432,0.739522613065327,0.739522613065327,0.645175879396985,0.660326633165829,0.76679648241206,0.699949748743719,0.792211055276382,0.658015075376884,0.758542713567839,0.653417085427136,0.653869346733668,0.681356783919598,NA,0.810904522613065,0.810904522613065,0.826658291457286,0.826658291457286,0.835979899497487,0.835979899497487
"37",100,1,7,TRUE,0.772727272727273,0.626262626262626,0.691919191919192,0.691919191919192,0.712121212121212,0.712121212121212,0.429292929292929,0.429292929292929,0.621212121212121,0.621212121212121,0.47979797979798,0.47979797979798,0.752525252525252,0.777777777777778,0.939393939393939,0.765151515151515,0.96969696969697,0.732323232323232,0.954545454545455,0.757575757575758,0.702020202020202,0.792929292929293,NA,1,1,1,1,1,1
"38",500,1,7,TRUE,0.612725450901804,0.695390781563126,0.766533066132264,0.766533066132264,0.766533066132264,0.766533066132264,0.604208416833667,0.604208416833667,0.69438877755511,0.69438877755511,0.56312625250501,0.56312625250501,0.760521042084168,0.724448897795591,0.939879759519038,0.842685370741483,0.991983967935872,0.719438877755511,0.965931863727455,0.738476953907816,0.709418837675351,0.808617234468938,NA,1,1,1,1,1,1
"39",1000,1,7,TRUE,0.60035035035035,0.645645645645646,0.820820820820821,0.820820820820821,0.807807807807808,0.807807807807808,0.746246246246246,0.746246246246246,0.763763763763764,0.763763763763764,0.583583583583584,0.583583583583584,0.726226226226226,0.788788788788789,0.926426426426426,0.83983983983984,0.962462462462462,0.753753753753754,0.969469469469469,0.768268268268268,0.74974974974975,0.775275275275275,NA,0.998998998998999,0.998998998998999,0.999499499499499,0.999499499499499,0.998998998998999,0.998998998998999
"40",2000,1,7,TRUE,0.679464732366183,0.599049524762381,0.751125562781391,0.751125562781391,0.728614307153577,0.728614307153577,0.796898449224612,0.796898449224612,0.86568284142071,0.86568284142071,0.66408204102051,0.66408204102051,0.664832416208104,0.667083541770885,0.895697848924462,0.758379189594797,0.909204602301151,0.648574287143572,0.874937468734367,0.622311155577789,0.696848424212106,0.676588294147074,NA,0.999499749874938,0.999499749874938,1,1,0.999749874937469,0.999749874937469
"41",100,5,7,TRUE,0.643684210526316,0.597894736842105,0.638947368421053,0.638947368421053,0.654736842105263,0.654736842105263,0.5,0.5,0.594736842105263,0.594736842105263,0.517894736842105,0.517894736842105,0.65578947368421,0.662105263157895,0.796842105263158,0.7,0.785263157894737,0.657894736842105,0.753684210526316,0.650526315789474,0.654736842105263,0.652631578947368,NA,0.870526315789474,0.870526315789474,0.882105263157895,0.882105263157895,0.889473684210526,0.889473684210526
"42",500,5,7,TRUE,0.650606060606061,0.565454545454545,0.64040404040404,0.64040404040404,0.64020202020202,0.64020202020202,0.571111111111111,0.571111111111111,0.681414141414141,0.681414141414141,0.514949494949495,0.514949494949495,0.637373737373737,0.63010101010101,0.78020202020202,0.737777777777778,0.815555555555556,0.633737373737374,0.768484848484849,0.625656565656566,0.625252525252525,0.666868686868687,NA,0.849292929292929,0.849292929292929,0.875959595959596,0.875959595959596,0.893535353535354,0.893535353535354
"43",1000,5,7,TRUE,0.629698492462312,0.570150753768844,0.674070351758794,0.674070351758794,0.665226130653266,0.665226130653266,0.690050251256281,0.690050251256281,0.738391959798995,0.738391959798995,0.568743718592965,0.568743718592965,0.622110552763819,0.633266331658291,0.786532663316583,0.760603015075377,0.806532663316583,0.636683417085427,0.781809045226131,0.621407035175879,0.642110552763819,0.660402010050251,NA,0.877688442211055,0.877688442211055,0.890251256281407,0.890251256281407,0.899497487437186,0.899497487437186
"44",2000,5,7,TRUE,0.624736842105263,0.586817042606516,0.656290726817043,0.656290726817043,0.637844611528822,0.637844611528822,0.730726817042607,0.730726817042607,0.754636591478697,0.754636591478697,0.608571428571429,0.608571428571429,0.627067669172932,0.617368421052632,0.748020050125313,0.686817042606516,0.791929824561403,0.61453634085213,0.764260651629073,0.620100250626566,0.620651629072682,0.657944862155388,NA,0.843157894736842,0.843157894736842,0.848220551378446,0.848220551378446,0.862706766917293,0.862706766917293
"45",100,10,7,TRUE,0.6375,0.579444444444444,0.614444444444444,0.614444444444444,0.634444444444444,0.634444444444444,0.546111111111111,0.546111111111111,0.571111111111111,0.571111111111111,0.532777777777778,0.532777777777778,0.628611111111111,0.635,0.777777777777778,0.71,0.7975,0.640555555555556,0.753333333333333,0.631666666666667,0.622777777777778,0.65,NA,0.779444444444444,0.779444444444444,0.795,0.795,0.802222222222222,0.802222222222222
"46",500,10,7,TRUE,0.645969387755102,0.58,0.626734693877551,0.626734693877551,0.626428571428571,0.626428571428571,0.595714285714286,0.595714285714286,0.675255102040816,0.675255102040816,0.556020408163265,0.556020408163265,0.622755102040816,0.633979591836735,0.783673469387755,0.71219387755102,0.804285714285714,0.620204081632653,0.754591836734694,0.616734693877551,0.63234693877551,0.653979591836735,NA,0.810102040816327,0.810102040816327,0.829591836734694,0.829591836734694,0.845612244897959,0.845612244897959
"47",1000,10,7,TRUE,0.627474747474748,0.56520202020202,0.657525252525253,0.657525252525253,0.649393939393939,0.649393939393939,0.696767676767677,0.696767676767677,0.706111111111111,0.706111111111111,0.588030303030303,0.588030303030303,0.628131313131313,0.607777777777778,0.781868686868687,0.721010101010101,0.841010101010101,0.614090909090909,0.772424242424242,0.616616161616162,0.610606060606061,0.636313131313131,NA,0.878383838383838,0.878383838383838,0.88979797979798,0.88979797979798,0.896313131313131,0.896313131313131
"48",2000,10,7,TRUE,0.662072864321608,0.596482412060301,0.711256281407035,0.711256281407035,0.702537688442211,0.702537688442211,0.75391959798995,0.75391959798995,0.766733668341709,0.766733668341709,0.649321608040201,0.649321608040201,0.664195979899498,0.66143216080402,0.807311557788945,0.765201005025126,0.850552763819096,0.661180904522613,0.796582914572864,0.669195979899498,0.673040201005025,0.686809045226131,NA,0.904748743718593,0.904748743718593,0.909673366834171,0.909673366834171,0.907738693467337,0.907738693467337
"49",100,1,9,TRUE,0.590909090909091,0.55050505050505,0.52020202020202,0.52020202020202,0.565656565656566,0.565656565656566,0.353535353535354,0.353535353535354,0.396464646464646,0.396464646464646,0.388888888888889,0.388888888888889,0.555555555555556,0.575757575757576,0.929292929292929,0.828282828282828,0.929292929292929,0.55050505050505,0.868686868686869,0.590909090909091,0.55050505050505,0.505050505050505,NA,1,1,1,1,1,1
"50",500,1,9,TRUE,0.665330661322645,0.474949899799599,0.591182364729459,0.591182364729459,0.608216432865731,0.608216432865731,0.44188376753507,0.44188376753507,0.639278557114228,0.639278557114228,0.428857715430862,0.428857715430862,0.571142284569138,0.593186372745491,0.901803607214429,0.749498997995992,0.974949899799599,0.559118236472946,0.927855711422846,0.595190380761523,0.57815631262525,0.574148296593186,NA,1,1,1,1,1,1
"51",1000,1,9,TRUE,0.578828828828829,0.611111111111111,0.717217217217217,0.717217217217217,0.727227227227227,0.727227227227227,0.559059059059059,0.559059059059059,0.765765765765766,0.765765765765766,0.468468468468468,0.468468468468468,0.672672672672673,0.671671671671672,0.933433433433433,0.874374374374374,0.982482482482482,0.662662662662663,0.963463463463463,0.666666666666667,0.692692692692693,0.716216216216216,NA,1,1,1,1,1,1
"52",2000,1,9,TRUE,0.74112056028014,0.665832916458229,0.787893946973487,0.787893946973487,0.783141570785393,0.783141570785393,0.719109554777389,0.719109554777389,0.81415707853927,0.81415707853927,0.515507753876938,0.515507753876938,0.701350675337669,0.707603801900951,0.966733366683342,0.894947473736868,0.989744872436218,0.702601300650325,0.964232116058029,0.681090545272636,0.691345672836418,0.777638819409705,NA,1,1,1,1,1,1
"53",100,5,9,TRUE,0.639473684210526,0.595789473684211,0.636842105263158,0.636842105263158,0.648421052631579,0.648421052631579,0.491578947368421,0.491578947368421,0.517368421052632,0.517368421052632,0.493684210526316,0.493684210526316,0.63,0.64,0.802105263157895,0.693157894736842,0.813157894736842,0.657894736842105,0.775789473684211,0.636842105263158,0.612631578947368,0.658947368421053,NA,0.916842105263158,0.916842105263158,0.933684210526316,0.933684210526316,0.928421052631579,0.928421052631579
"54",500,5,9,TRUE,0.617373737373737,0.553535353535354,0.622626262626263,0.622626262626263,0.63010101010101,0.63010101010101,0.494949494949495,0.494949494949495,0.607979797979798,0.607979797979798,0.488686868686869,0.488686868686869,0.604848484848485,0.599292929292929,0.82040404040404,0.731212121212121,0.872323232323232,0.600808080808081,0.816969696969697,0.612525252525252,0.615353535353535,0.636969696969697,NA,0.958181818181818,0.958181818181818,0.971515151515152,0.971515151515152,0.968080808080808,0.968080808080808
"55",1000,5,9,TRUE,0.658241206030151,0.584321608040201,0.674974874371859,0.674974874371859,0.678391959798995,0.678391959798995,0.548743718592965,0.548743718592965,0.63286432160804,0.63286432160804,0.484924623115578,0.484924623115578,0.638793969849246,0.642814070351759,0.786633165829146,0.780502512562814,0.873266331658291,0.644321608040201,0.799497487437186,0.642211055276382,0.627738693467337,0.657085427135678,NA,0.978894472361809,0.978894472361809,0.983517587939698,0.983517587939698,0.982211055276382,0.982211055276382
"56",2000,5,9,TRUE,0.630250626566416,0.564511278195489,0.684761904761905,0.684761904761905,0.681353383458647,0.681353383458647,0.583458646616541,0.583458646616541,0.719398496240601,0.719398496240601,0.504461152882206,0.504461152882206,0.631328320802005,0.636591478696742,0.833884711779449,0.788621553884712,0.899398496240602,0.639749373433584,0.841804511278196,0.629874686716792,0.644962406015038,0.652882205513785,NA,0.992631578947368,0.992631578947368,0.995789473684211,0.995789473684211,0.996441102756892,0.996441102756892
"57",100,10,9,TRUE,0.652222222222222,0.594444444444444,0.611666666666667,0.611666666666667,0.626111111111111,0.626111111111111,0.508611111111111,0.508611111111111,0.532777777777778,0.532777777777778,0.503055555555556,0.503055555555556,0.621111111111111,0.601666666666667,0.761666666666667,0.650555555555556,0.8075,0.623333333333333,0.771111111111111,0.622777777777778,0.63,0.642222222222222,NA,0.868888888888889,0.868888888888889,0.882777777777778,0.882777777777778,0.891111111111111,0.891111111111111
"58",500,10,9,TRUE,0.618061224489796,0.562448979591837,0.64,0.64,0.65265306122449,0.65265306122449,0.495102040816327,0.495102040816327,0.618061224489796,0.618061224489796,0.491326530612245,0.491326530612245,0.63265306122449,0.631734693877551,0.817040816326531,0.737857142857143,0.856020408163265,0.634285714285714,0.801734693877551,0.62265306122449,0.626632653061225,0.66265306122449,NA,0.914795918367347,0.914795918367347,0.93265306122449,0.93265306122449,0.945408163265306,0.945408163265306
"59",1000,10,9,TRUE,0.656464646464646,0.60050505050505,0.680454545454545,0.680454545454545,0.682272727272727,0.682272727272727,0.595808080808081,0.595808080808081,0.714242424242424,0.714242424242424,0.55030303030303,0.55030303030303,0.669545454545454,0.663939393939394,0.827222222222222,0.706944444444444,0.876010101010101,0.658131313131313,0.825757575757576,0.654646464646465,0.657575757575758,0.676717171717172,NA,0.926818181818182,0.926818181818182,0.933383838383838,0.933383838383838,0.928131313131313,0.928131313131313
"60",2000,10,9,TRUE,0.644472361809045,0.565175879396985,0.656331658291457,0.656331658291457,0.651758793969849,0.651758793969849,0.620175879396985,0.620175879396985,0.718994974874372,0.718994974874372,0.538994974874372,0.538994974874372,0.619170854271357,0.611809045226131,0.805502512562814,0.774522613065327,0.87035175879397,0.59929648241206,0.809572864321608,0.625979899497487,0.616733668341709,0.643844221105528,NA,0.956180904522613,0.956180904522613,0.961381909547739,0.961381909547739,0.957964824120603,0.957964824120603
"61",100,1,11,TRUE,0.707070707070707,0.631313131313131,0.671717171717172,0.671717171717172,0.696969696969697,0.696969696969697,0.348484848484849,0.348484848484849,0.424242424242424,0.424242424242424,0.464646464646465,0.464646464646465,0.666666666666667,0.696969696969697,0.954545454545455,0.818181818181818,0.954545454545455,0.696969696969697,0.888888888888889,0.712121212121212,0.732323232323232,0.702020202020202,NA,1,1,1,1,1,1
"62",500,1,11,TRUE,0.706412825651303,0.687374749498998,0.753507014028056,0.753507014028056,0.784569138276553,0.784569138276553,0.424849699398798,0.424849699398798,0.610220440881764,0.610220440881764,0.44689378757515,0.44689378757515,0.758517034068136,0.75751503006012,0.972945891783567,0.900801603206413,0.997995991983968,0.753507014028056,0.98496993987976,0.738476953907816,0.745490981963928,0.770541082164329,NA,1,1,1,1,1,1
"63",1000,1,11,TRUE,0.759509509509509,0.686686686686687,0.803803803803804,0.803803803803804,0.818318318318318,0.818318318318318,0.462962962962963,0.462962962962963,0.767267267267267,0.767267267267267,0.462962962962963,0.462962962962963,0.790790790790791,0.768768768768769,0.981481481481482,0.832332332332332,0.996996996996997,0.783283283283283,0.989489489489489,0.745745745745746,0.802302302302302,0.806806806806807,NA,1,1,1,1,1,1
"64",2000,1,11,TRUE,0.634192096048024,0.503001500750375,0.587793896948474,0.587793896948474,0.590295147573787,0.590295147573787,0.373936968484242,0.373936968484242,0.729114557278639,0.729114557278639,0.326913456728364,0.326913456728364,0.529514757378689,0.505752876438219,0.873936968484242,0.89719859929965,0.990745372686343,0.534267133566783,0.934217108554277,0.54552276138069,0.532266133066533,0.540770385192596,NA,1,1,1,1,1,1
"65",100,5,11,TRUE,0.621052631578947,0.542105263157895,0.585263157894737,0.585263157894737,0.609473684210526,0.609473684210526,0.389473684210526,0.389473684210526,0.488947368421053,0.488947368421053,0.433684210526316,0.433684210526316,0.612631578947368,0.610526315789474,0.787368421052631,0.735263157894737,0.857894736842105,0.610526315789474,0.788421052631579,0.609473684210526,0.603157894736842,0.643684210526316,NA,0.951578947368421,0.951578947368421,0.964210526315789,0.964210526315789,0.966315789473684,0.966315789473684
"66",500,5,11,TRUE,0.64989898989899,0.571111111111111,0.613131313131313,0.613131313131313,0.627676767676768,0.627676767676768,0.385858585858586,0.385858585858586,0.556161616161616,0.556161616161616,0.396767676767677,0.396767676767677,0.608686868686869,0.620606060606061,0.81959595959596,0.786464646464647,0.896363636363636,0.612727272727273,0.846868686868687,0.60030303030303,0.625555555555556,0.641414141414141,NA,0.981616161616162,0.981616161616162,0.984646464646465,0.984646464646465,0.988080808080808,0.988080808080808
"67",1000,5,11,TRUE,0.619396984924623,0.561608040201005,0.605929648241206,0.605929648241206,0.611055276381909,0.611055276381909,0.419597989949749,0.419597989949749,0.565929648241206,0.565929648241206,0.419597989949749,0.419597989949749,0.598190954773869,0.606934673366834,0.843316582914573,0.774773869346734,0.874170854271357,0.591557788944724,0.810753768844221,0.602110552763819,0.596482412060302,0.618894472361809,NA,0.990854271356784,0.990854271356784,0.994371859296482,0.994371859296482,0.991155778894472,0.991155778894472
"68",2000,5,11,TRUE,0.6065664160401,0.51859649122807,0.617543859649123,0.617543859649123,0.620701754385965,0.620701754385965,0.443358395989975,0.443358395989975,0.670275689223058,0.670275689223058,0.41203007518797,0.41203007518797,0.575187969924812,0.597844611528822,0.852330827067669,0.73328320802005,0.902005012531328,0.580852130325815,0.810325814536341,0.617944862155388,0.584812030075188,0.630676691729323,NA,0.989172932330827,0.989172932330827,0.992330827067669,0.992330827067669,0.989072681704261,0.989072681704261
"69",100,10,11,TRUE,0.611666666666667,0.569444444444444,0.590555555555556,0.590555555555556,0.603888888888889,0.603888888888889,0.447777777777778,0.447777777777778,0.484166666666667,0.484166666666667,0.480555555555556,0.480555555555556,0.599444444444444,0.610277777777778,0.803333333333333,0.714166666666667,0.826666666666667,0.614444444444444,0.758333333333333,0.601111111111111,0.602777777777778,0.623888888888889,NA,0.931111111111111,0.931111111111111,0.94,0.94,0.935,0.935
"70",500,10,11,TRUE,0.67,0.582448979591837,0.630816326530612,0.630816326530612,0.643571428571429,0.643571428571429,0.443163265306122,0.443163265306122,0.600714285714286,0.600714285714286,0.46469387755102,0.46469387755102,0.629795918367347,0.630102040816326,0.848163265306122,0.771428571428571,0.907040816326531,0.623265306122449,0.838979591836735,0.638316326530612,0.629591836734694,0.651173469387755,NA,0.970816326530612,0.970816326530612,0.977244897959184,0.977244897959184,0.98,0.98
"71",1000,10,11,TRUE,0.628181818181818,0.537878787878788,0.578434343434343,0.578434343434343,0.589646464646465,0.589646464646465,0.433888888888889,0.433888888888889,0.633282828282828,0.633282828282828,0.433888888888889,0.433888888888889,0.582222222222222,0.589848484848485,0.831414141414141,0.754747474747475,0.888383838383838,0.563080808080808,0.813383838383838,0.560707070707071,0.594090909090909,0.600909090909091,NA,0.960050505050505,0.960050505050505,0.971919191919192,0.971919191919192,0.968484848484849,0.968484848484849
"72",2000,10,11,TRUE,0.6671608040201,0.601859296482412,0.679371859296482,0.679371859296482,0.681608040201005,0.681608040201005,0.512939698492462,0.512939698492462,0.713015075376884,0.713015075376884,0.467814070351759,0.467814070351759,0.65072864321608,0.654773869346734,0.839472361809045,0.778128140703518,0.915753768844221,0.645326633165829,0.871231155778895,0.653341708542714,0.64786432160804,0.664120603015075,NA,0.98748743718593,0.98748743718593,0.990402010050251,0.990402010050251,0.990778894472362,0.990778894472362
"73",100,1,17,TRUE,0.732323232323232,0.656565656565657,0.717171717171717,0.717171717171717,0.712121212121212,0.712121212121212,0.202020202020202,0.202020202020202,0.401515151515151,0.401515151515151,0.368686868686869,0.368686868686869,0.696969696969697,0.727272727272727,0.944444444444444,0.878787878787879,0.984848484848485,0.717171717171717,0.964646464646465,0.702020202020202,0.702020202020202,0.696969696969697,NA,NA,NA,NA,NA,NA,NA
"74",500,1,17,TRUE,0.635771543086172,0.594188376753507,0.625250501002004,0.625250501002004,0.639278557114228,0.639278557114228,0.278557114228457,0.278557114228457,0.287575150300601,0.287575150300601,0.322645290581162,0.322645290581162,0.633266533066132,0.639278557114228,0.92184368737475,0.835671342685371,0.991983967935872,0.629258517034068,0.947895791583166,0.605210420841683,0.637274549098196,0.6312625250501,NA,1,1,1,1,1,1
"75",1000,1,17,TRUE,0.728478478478479,0.673673673673674,0.773273273273273,0.773273273273273,0.783783783783784,0.783783783783784,0.341841841841842,0.341841841841842,0.423923923923924,0.423923923923924,0.355855855855856,0.355855855855856,0.723223223223223,0.733733733733734,0.958458458458458,0.854354354354354,0.993993993993994,0.755755755755756,0.985985985985986,0.756256256256256,0.765265265265265,0.767267267267267,NA,1,1,1,1,1,1
"76",2000,1,17,TRUE,0.753376688344172,0.646823411705853,0.751125562781391,0.751125562781391,0.754377188594297,0.754377188594297,0.308904452226113,0.308904452226113,0.546023011505753,0.546023011505753,0.314657328664332,0.314657328664332,0.698849424712356,0.658329164582291,0.917708854427214,0.825912956478239,0.997248624312156,0.714357178589295,0.980740370185093,0.686343171585793,0.7016008004002,0.71535767883942,NA,1,1,1,1,1,1
"77",100,5,17,TRUE,0.602105263157895,0.569473684210526,0.578947368421053,0.578947368421053,0.592631578947368,0.592631578947368,0.264210526315789,0.264210526315789,0.424210526315789,0.424210526315789,0.421578947368421,0.421578947368421,0.603157894736842,0.593684210526316,0.827894736842105,0.701052631578947,0.89578947368421,0.588947368421053,0.829473684210526,0.585263157894737,0.605263157894737,0.589473684210526,NA,NA,NA,NA,NA,NA,NA
"78",500,5,17,TRUE,0.636262626262626,0.562828282828283,0.616363636363636,0.616363636363636,0.631313131313131,0.631313131313131,0.318181818181818,0.318181818181818,0.358989898989899,0.358989898989899,0.338787878787879,0.338787878787879,0.607272727272727,0.602020202020202,0.881818181818182,0.776767676767677,0.967070707070707,0.611313131313131,0.911919191919192,0.619393939393939,0.635959595959596,0.626060606060606,NA,1,1,1,1,1,1
"79",1000,5,17,TRUE,0.640603015075377,0.509145728643216,0.578492462311558,0.578492462311558,0.585628140703518,0.585628140703518,0.30391959798995,0.30391959798995,0.421206030150754,0.421206030150754,0.310653266331658,0.310653266331658,0.571859296482412,0.573065326633166,0.867638190954774,0.765929648241206,0.960100502512563,0.564924623115578,0.881306532663317,0.538391959798995,0.567638190954774,0.58070351758794,NA,1,1,1,1,1,1
"80",2000,5,17,TRUE,0.64203007518797,0.547518796992481,0.622706766917293,0.622706766917293,0.624711779448622,0.624711779448622,0.312130325814536,0.312130325814536,0.50516290726817,0.50516290726817,0.332781954887218,0.332781954887218,0.603057644110276,0.598395989974937,0.857894736842105,0.750426065162907,0.968320802005012,0.590927318295739,0.92265664160401,0.597994987468672,0.60421052631579,0.614185463659148,NA,1,1,1,1,1,1
"81",100,10,17,TRUE,0.621944444444444,0.526111111111111,0.57,0.57,0.581111111111111,0.581111111111111,0.332777777777778,0.332777777777778,0.456111111111111,0.456111111111111,0.428055555555556,0.428055555555556,0.580555555555555,0.586388888888889,0.821666666666667,0.727222222222222,0.883611111111111,0.581666666666667,0.783888888888889,0.584722222222222,0.596944444444444,0.582222222222222,NA,NA,NA,NA,NA,NA,NA
"82",500,10,17,TRUE,0.628367346938775,0.583979591836735,0.628571428571429,0.628571428571429,0.639081632653061,0.639081632653061,0.335612244897959,0.335612244897959,0.423520408163265,0.423520408163265,0.371122448979592,0.371122448979592,0.631632653061225,0.62469387755102,0.875714285714286,0.795204081632653,0.958367346938775,0.622755102040816,0.881020408163265,0.63734693877551,0.616836734693878,0.639489795918367,NA,0.999795918367347,0.999795918367347,0.999795918367347,0.999795918367347,0.99969387755102,0.99969387755102
"83",1000,10,17,TRUE,0.679090909090909,0.592171717171717,0.653636363636364,0.653636363636364,0.661161616161616,0.661161616161616,0.371262626262626,0.371262626262626,0.461691919191919,0.461691919191919,0.370353535353535,0.370353535353535,0.628686868686869,0.645959595959596,0.854545454545455,0.75979797979798,0.937525252525253,0.632979797979798,0.875,0.637373737373737,0.638030303030303,0.646515151515151,NA,0.99989898989899,0.99989898989899,0.999949494949495,0.999949494949495,0.99989898989899,0.99989898989899
"84",2000,10,17,TRUE,0.666758793969849,0.570527638190955,0.633140703517588,0.633140703517588,0.635150753768844,0.635150753768844,0.332085427135678,0.332085427135678,0.535502512562814,0.535502512562814,0.342738693467337,0.342738693467337,0.614572864321608,0.614849246231156,0.85248743718593,0.804924623115578,0.949572864321608,0.610125628140703,0.887638190954774,0.614522613065327,0.60929648241206,0.636733668341709,NA,0.999874371859297,0.999874371859297,0.999949748743719,0.999949748743719,0.999623115577889,0.999623115577889
"85",100,1,2,FALSE,0.772727272727273,0.772727272727273,0.676767676767677,0.676767676767677,0.727272727272727,0.727272727272727,0.517676767676768,0.517676767676768,0.462121212121212,0.462121212121212,0.611111111111111,0.611111111111111,0.712121212121212,0.70959595959596,0.5,0.5,NA,0.752525252525253,NA,0.707070707070707,0.77020202020202,0.570707070707071,0.767676767676768,0.772727272727273,0.772727272727273,0.772727272727273,0.772727272727273,0.772727272727273,0.772727272727273
"86",500,1,2,FALSE,0.612224448897796,0.612224448897796,0.543086172344689,0.543086172344689,0.559118236472946,0.559118236472946,0.444889779559118,0.444889779559118,0.595190380761523,0.595190380761523,0.496993987975952,0.496993987975952,0.603707414829659,0.619238476953908,0.5,0.5,NA,0.545090180360721,NA,0.569138276553106,0.50501002004008,0.493987975951904,0.612224448897796,0.612224448897796,0.612224448897796,0.612224448897796,0.612224448897796,0.612224448897796,0.612224448897796
"87",1000,1,2,FALSE,0.518518518518519,0.520520520520521,0.533033033033033,0.533033033033033,0.488988988988989,0.488988988988989,0.37987987987988,0.37987987987988,0.455705705705706,0.455705705705706,0.528028028028028,0.528028028028028,0.508008008008008,0.481981981981982,0.5,0.5,NA,0.50975975975976,NA,0.478478478478478,0.511011011011011,0.578078078078078,0.520520520520521,0.520520520520521,0.520520520520521,0.520520520520521,0.520520520520521,0.520520520520521,0.520520520520521
"88",2000,1,2,FALSE,0.752501250625313,0.749624812406203,0.696348174087044,0.696348174087044,0.744872436218109,0.744872436218109,0.407953976988494,0.407953976988494,0.424712356178089,0.424712356178089,0.639819909954978,0.639819909954978,0.610305152576288,0.71935967983992,0.5,0.5,NA,0.717858929464732,NA,0.668084042021011,0.765382691345673,0.686593296648324,0.749874937468734,0.749624812406203,0.749624812406203,0.749624812406203,0.749624812406203,0.749624812406203,0.749624812406203
"89",100,5,2,FALSE,0.578947368421053,0.577894736842105,0.562105263157895,0.562105263157895,0.566315789473684,0.566315789473684,0.522631578947368,0.522631578947368,0.462105263157895,0.462105263157895,0.507894736842105,0.507894736842105,0.542105263157895,0.55,0.5,0.5,NA,0.564210526315789,NA,0.530526315789474,0.557894736842105,0.54,0.58,0.582105263157895,0.582105263157895,0.582105263157895,0.582105263157895,0.582105263157895,0.582105263157895
"90",500,5,2,FALSE,0.632828282828283,0.633131313131313,0.608888888888889,0.608888888888889,0.623838383838384,0.623838383838384,0.503434343434343,0.503434343434343,0.519292929292929,0.519292929292929,0.594848484848485,0.594848484848485,0.614040404040404,0.628080808080808,0.5,0.5,NA,0.626868686868687,NA,0.59989898989899,0.553030303030303,0.612525252525252,0.633131313131313,0.633131313131313,0.633131313131313,0.633131313131313,0.633131313131313,0.633131313131313,0.633131313131313
"91",1000,5,2,FALSE,0.670100502512563,0.671457286432161,0.673869346733668,0.673869346733668,0.690452261306533,0.690452261306533,0.517537688442211,0.517537688442211,0.499798994974874,0.499798994974874,0.576582914572864,0.576582914572864,0.606834170854271,0.643718592964824,0.5,0.5,NA,0.675075376884422,NA,0.663316582914573,0.565879396984925,0.61748743718593,0.671457286432161,0.671457286432161,0.671457286432161,0.671457286432161,0.671457286432161,0.671457286432161,0.671457286432161
"92",2000,5,2,FALSE,0.564661654135338,0.563959899749374,0.559498746867168,0.559498746867168,0.578095238095238,0.578095238095238,0.470250626566416,0.470250626566416,0.470050125313283,0.470050125313283,0.537769423558897,0.537769423558897,0.550175438596491,0.611228070175439,0.5,0.5,NA,0.570501253132832,NA,0.569473684210526,0.54140350877193,0.579749373433584,0.563959899749374,0.56390977443609,0.56390977443609,0.56390977443609,0.56390977443609,0.56390977443609,0.56390977443609
"93",100,10,2,FALSE,0.564444444444445,0.566111111111111,0.5675,0.5675,0.568888888888889,0.568888888888889,0.479166666666667,0.479166666666667,0.5025,0.5025,0.504444444444444,0.504444444444444,0.528055555555556,0.539722222222222,0.5,0.5,NA,0.568333333333333,NA,0.580555555555555,0.563888888888889,0.534722222222222,0.566666666666667,0.565,0.565,0.565,0.565,0.565,0.565
"94",500,10,2,FALSE,0.609081632653061,0.607244897959184,0.606224489795918,0.606224489795918,0.611020408163265,0.611020408163265,0.519795918367347,0.519795918367347,0.4925,0.4925,0.553520408163265,0.553520408163265,0.596530612244898,0.562551020408163,0.5,0.5,NA,0.618316326530612,NA,0.602908163265306,0.60469387755102,0.595408163265306,0.60765306122449,0.607551020408163,0.607551020408163,0.607551020408163,0.607551020408163,0.607551020408163,0.607551020408163
"95",1000,10,2,FALSE,0.53030303030303,0.52979797979798,0.55010101010101,0.55010101010101,0.544343434343434,0.544343434343434,0.493737373737374,0.493737373737374,0.439873737373737,0.439873737373737,0.55699494949495,0.55699494949495,0.559141414141414,0.567878787878788,0.5,0.5,NA,0.532878787878788,NA,0.549772727272727,0.536010101010101,0.551111111111111,0.529747474747475,0.52989898989899,0.52989898989899,0.52989898989899,0.52989898989899,0.52989898989899,0.52989898989899
"96",2000,10,2,FALSE,0.586545226130653,0.58748743718593,0.593391959798995,0.593391959798995,0.574623115577889,0.574623115577889,0.462198492462312,0.462198492462312,0.423693467336683,0.423693467336683,0.541620603015075,0.541620603015075,0.589371859296482,0.599597989949749,0.5,0.5,NA,0.587738693467337,NA,0.582587939698492,0.613969849246231,0.570502512562814,0.58748743718593,0.587386934673367,0.587386934673367,0.587386934673367,0.587386934673367,0.587386934673367,0.587386934673367
"97",100,1,3,FALSE,0.656565656565657,0.641414141414141,0.671717171717172,0.671717171717172,0.717171717171717,0.717171717171717,0.606060606060606,0.606060606060606,0.585858585858586,0.585858585858586,0.641414141414141,0.641414141414141,0.641414141414141,0.669191919191919,0.656565656565657,0.613636363636364,0.626262626262626,0.641414141414141,0.611111111111111,0.686868686868687,0.601010101010101,0.75,NA,0.833333333333333,0.833333333333333,0.853535353535354,0.853535353535354,0.853535353535354,0.853535353535354
"98",500,1,3,FALSE,0.64128256513026,0.663326653306613,0.75250501002004,0.75250501002004,0.784569138276553,0.784569138276553,0.7374749498998,0.7374749498998,0.7374749498998,0.7374749498998,0.735470941883767,0.735470941883767,0.715430861723447,0.644288577154309,0.575150300601202,0.720440881763527,0.783567134268537,0.769539078156313,0.7625250501002,0.774549098196393,0.717434869739479,0.740480961923848,NA,0.88877755511022,0.88877755511022,0.885771543086172,0.885771543086172,0.892785571142285,0.892785571142285
"99",1000,1,3,FALSE,0.689189189189189,0.640640640640641,0.737737737737738,0.737737737737738,0.731231231231231,0.731231231231231,0.736736736736737,0.736736736736737,0.736736736736737,0.736736736736737,0.811811811811812,0.811811811811812,0.742742742742743,0.778278278278278,0.848348348348348,0.616616616616617,0.882882882882883,0.67967967967968,0.746746746746747,0.702702702702703,0.642142142142142,0.708208208208208,NA,0.738238238238238,0.738238238238238,0.695195195195195,0.695195195195195,0.718218218218218,0.718218218218218
"100",2000,1,3,FALSE,0.540520260130065,0.609054527263632,0.651325662831416,0.651325662831416,0.659579789894947,0.659579789894947,0.71935967983992,0.71935967983992,0.71935967983992,0.71935967983992,0.609304652326163,0.609304652326163,0.68384192096048,0.657078539269635,0.84592296148074,0.670835417708854,0.790145072536268,0.646823411705853,0.764632316158079,0.625562781390695,0.663331665832916,0.623061530765383,NA,0.682841420710355,0.682841420710355,0.686343171585793,0.686343171585793,0.710355177588794,0.710355177588794
"101",100,5,3,FALSE,0.529473684210526,0.596842105263158,0.615789473684211,0.615789473684211,0.618947368421053,0.618947368421053,0.571052631578947,0.571052631578947,0.592631578947368,0.592631578947368,0.608421052631579,0.608421052631579,0.597368421052632,0.669473684210526,0.65,0.563684210526316,0.661052631578947,0.616842105263158,0.622105263157895,0.608947368421053,0.594736842105263,0.606315789473684,NA,0.669473684210526,0.669473684210526,0.664210526315789,0.664210526315789,0.663157894736842,0.663157894736842
"102",500,5,3,FALSE,0.522727272727273,0.557777777777778,0.603434343434343,0.603434343434343,0.597979797979798,0.597979797979798,0.561414141414141,0.561414141414141,0.561414141414141,0.561414141414141,0.579090909090909,0.579090909090909,0.557373737373737,0.55050505050505,0.606060606060606,0.544242424242424,0.625454545454545,0.568686868686869,0.581616161616162,0.564343434343434,0.587676767676768,0.571818181818182,NA,0.607676767676768,0.607676767676768,0.617373737373737,0.617373737373737,0.613131313131313,0.613131313131313
"103",1000,5,3,FALSE,0.559547738693467,0.621809045226131,0.683618090452261,0.683618090452261,0.685226130653266,0.685226130653266,0.649899497487437,0.649899497487437,0.649899497487437,0.649899497487437,0.649497487437186,0.649497487437186,0.642412060301508,0.666532663316583,0.711758793969849,0.580452261306533,0.686381909547739,0.656984924623116,0.681608040201005,0.631959798994975,0.66572864321608,0.626130653266332,NA,0.672361809045226,0.672361809045226,0.661608040201005,0.661608040201005,0.663015075376884,0.663015075376884
"104",2000,5,3,FALSE,0.517744360902256,0.561654135338346,0.581303258145363,0.581303258145363,0.591629072681704,0.591629072681704,0.600275689223058,0.600275689223058,0.600275689223058,0.600275689223058,0.671528822055138,0.671528822055138,0.616491228070175,0.572531328320802,0.636140350877193,0.617593984962406,0.666416040100251,0.581904761904762,0.629924812030075,0.576766917293233,0.583208020050125,0.597443609022556,NA,0.612882205513784,0.612882205513784,0.620100250626566,0.620100250626566,0.623959899749373,0.623959899749373
"105",100,10,3,FALSE,0.57,0.566666666666667,0.622777777777778,0.622777777777778,0.616111111111111,0.616111111111111,0.611666666666667,0.611666666666667,0.605277777777778,0.605277777777778,0.581388888888889,0.581388888888889,0.61,0.610555555555556,0.650833333333333,0.558611111111111,0.661666666666667,0.602777777777778,0.616111111111111,0.62,0.601111111111111,0.628888888888889,NA,0.641111111111111,0.641111111111111,0.642222222222222,0.642222222222222,0.646111111111111,0.646111111111111
"106",500,10,3,FALSE,0.574744897959184,0.605,0.661734693877551,0.661734693877551,0.667040816326531,0.667040816326531,0.656377551020408,0.656377551020408,0.656377551020408,0.656377551020408,0.696734693877551,0.696734693877551,0.635918367346939,0.647091836734694,0.670612244897959,0.603469387755102,0.683163265306122,0.659897959183674,0.671122448979592,0.659795918367347,0.664489795918367,0.66030612244898,NA,0.69530612244898,0.69530612244898,0.705204081632653,0.705204081632653,0.708163265306123,0.708163265306123
"107",1000,10,3,FALSE,0.581414141414141,0.599848484848485,0.635252525252525,0.635252525252525,0.64010101010101,0.64010101010101,0.653838383838384,0.653838383838384,0.653838383838384,0.653838383838384,0.642525252525252,0.642525252525252,0.610606060606061,0.645151515151515,0.662979797979798,0.587424242424242,0.688989898989899,0.641717171717172,0.657070707070707,0.591464646464646,0.621414141414141,0.630050505050505,NA,0.663737373737374,0.663737373737374,0.665909090909091,0.665909090909091,0.667626262626263,0.667626262626263
"108",2000,10,3,FALSE,0.578706030150754,0.569623115577889,0.619874371859297,0.619874371859297,0.613768844221106,0.613768844221106,0.63678391959799,0.63678391959799,0.63678391959799,0.63678391959799,0.650050251256281,0.650050251256281,0.60427135678392,0.612261306532663,0.657110552763819,0.58035175879397,0.652914572864322,0.610502512562814,0.625879396984925,0.611130653266332,0.626055276381909,0.616130653266332,NA,0.622336683417085,0.622336683417085,0.634170854271357,0.634170854271357,0.63429648241206,0.63429648241206
"109",100,1,5,FALSE,0.671717171717172,0.555555555555556,0.636363636363636,0.636363636363636,0.631313131313131,0.631313131313131,0.661616161616162,0.661616161616162,0.590909090909091,0.590909090909091,0.535353535353535,0.535353535353535,0.656565656565657,0.671717171717172,0.868686868686869,0.797979797979798,0.893939393939394,0.661616161616162,0.888888888888889,0.712121212121212,0.696969696969697,0.696969696969697,NA,0.96969696969697,0.96969696969697,0.984848484848485,0.984848484848485,0.97979797979798,0.97979797979798
"110",500,1,5,FALSE,0.712424849699399,0.63627254509018,0.787575150300601,0.787575150300601,0.774549098196393,0.774549098196393,0.74749498997996,0.74749498997996,0.772545090180361,0.772545090180361,0.729458917835671,0.729458917835671,0.726452905811623,0.746492985971944,0.913827655310621,0.799599198396794,0.966933867735471,0.766533066132264,0.912825651302605,0.713426853707415,0.753507014028056,0.834669338677355,NA,0.996993987975952,0.996993987975952,0.997995991983968,0.997995991983968,0.997995991983968,0.997995991983968
"111",1000,1,5,FALSE,0.754254254254254,0.742242242242242,0.894894894894895,0.894894894894895,0.880880880880881,0.880880880880881,0.878878878878879,0.878878878878879,0.892892892892893,0.892892892892893,0.838338338338338,0.838338338338338,0.831331331331331,0.796796796796797,0.934434434434434,0.848848848848849,0.942942942942943,0.840840840840841,0.933933933933934,0.811811811811812,0.803803803803804,0.842842842842843,NA,0.997497497497497,0.997497497497497,0.998998998998999,0.998998998998999,0.998998998998999,0.998998998998999
"112",2000,1,5,FALSE,0.68184092046023,0.641570785392696,0.764632316158079,0.764632316158079,0.723861930965483,0.723861930965483,0.843671835917959,0.843671835917959,0.824412206103052,0.824412206103052,0.876188094047023,0.876188094047023,0.590045022511256,0.67383691845923,0.93471735867934,0.76488244122061,0.947973986993497,0.721110555277639,0.924712356178089,0.695347673836918,0.720860430215108,0.738119059529765,NA,0.994247123561781,0.994247123561781,0.995747873936969,0.995747873936969,0.997748874437219,0.997748874437219
"113",100,5,5,FALSE,0.646315789473684,0.614736842105263,0.649473684210526,0.649473684210526,0.648421052631579,0.648421052631579,0.579473684210526,0.579473684210526,0.623684210526316,0.623684210526316,0.576842105263158,0.576842105263158,0.638421052631579,0.64,0.744210526315789,0.665263157894737,0.737368421052632,0.641578947368421,0.709473684210526,0.621052631578947,0.62578947368421,0.647368421052632,NA,0.758947368421053,0.758947368421053,0.766315789473684,0.766315789473684,0.782105263157895,0.782105263157895
"114",500,5,5,FALSE,0.572525252525252,0.562020202020202,0.66040404040404,0.66040404040404,0.640606060606061,0.640606060606061,0.64040404040404,0.64040404040404,0.642424242424242,0.642424242424242,0.575353535353535,0.575353535353535,0.597171717171717,0.616767676767677,0.705656565656566,0.738181818181818,0.768282828282828,0.615959595959596,0.726868686868687,0.601616161616162,0.59979797979798,0.636969696969697,NA,0.78969696969697,0.78969696969697,0.80989898989899,0.80989898989899,0.836363636363636,0.836363636363636
"115",1000,5,5,FALSE,0.599346733668342,0.617286432160804,0.700904522613065,0.700904522613065,0.676281407035176,0.676281407035176,0.693467336683417,0.693467336683417,0.698793969849246,0.698793969849246,0.659899497487437,0.659899497487437,0.637788944723618,0.665226130653266,0.739899497487437,0.694673366834171,0.793467336683417,0.649547738693467,0.753869346733668,0.653869346733668,0.65035175879397,0.670452261306533,NA,0.793668341708543,0.793668341708543,0.818090452261306,0.818090452261306,0.85356783919598,0.85356783919598
"116",2000,5,5,FALSE,0.625213032581454,0.606165413533835,0.708020050125313,0.708020050125313,0.695989974937343,0.695989974937343,0.742756892230577,0.742756892230577,0.700601503759398,0.700601503759398,0.716240601503759,0.716240601503759,0.659498746867168,0.66952380952381,0.756240601503759,0.697142857142857,0.790075187969925,0.664310776942356,0.76922305764411,0.69047619047619,0.674285714285714,0.681353383458647,NA,0.823859649122807,0.823859649122807,0.838345864661654,0.838345864661654,0.85483709273183,0.85483709273183
"117",100,10,5,FALSE,0.58,0.570555555555556,0.622222222222222,0.622222222222222,0.621666666666667,0.621666666666667,0.585,0.585,0.601111111111111,0.601111111111111,0.541666666666667,0.541666666666667,0.635555555555556,0.625833333333333,0.713055555555556,0.663333333333333,0.719444444444444,0.624444444444444,0.687777777777778,0.624166666666667,0.634722222222222,0.640555555555556,NA,0.728333333333333,0.728333333333333,0.746111111111111,0.746111111111111,0.748888888888889,0.748888888888889
"118",500,10,5,FALSE,0.61030612244898,0.599489795918367,0.675510204081633,0.675510204081633,0.666224489795918,0.666224489795918,0.708775510204082,0.708775510204082,0.72265306122449,0.72265306122449,0.641428571428571,0.641428571428571,0.647755102040816,0.644795918367347,0.748877551020408,0.667448979591837,0.766938775510204,0.652959183673469,0.727959183673469,0.666377551020408,0.639489795918367,0.66530612244898,NA,0.769897959183673,0.769897959183673,0.774489795918367,0.774489795918367,0.768775510204082,0.768775510204082
"119",1000,10,5,FALSE,0.568409090909091,0.586767676767677,0.668737373737374,0.668737373737374,0.652525252525253,0.652525252525253,0.710151515151515,0.710151515151515,0.713636363636364,0.713636363636364,0.705,0.705,0.65530303030303,0.642777777777778,0.734646464646465,0.676868686868687,0.773080808080808,0.628181818181818,0.72550505050505,0.639444444444444,0.637272727272727,0.683838383838384,NA,0.783131313131313,0.783131313131313,0.788131313131313,0.788131313131313,0.790454545454546,0.790454545454546
"120",2000,10,5,FALSE,0.635226130653266,0.603743718592965,0.704472361809045,0.704472361809045,0.69070351758794,0.69070351758794,0.778165829145729,0.778165829145729,0.740276381909548,0.740276381909548,0.692989949748744,0.692989949748744,0.651281407035176,0.645477386934673,0.751532663316583,0.694874371859296,0.772010050251256,0.661231155778895,0.739597989949749,0.653819095477387,0.658090452261306,0.648668341708543,NA,0.789874371859296,0.789874371859296,0.804396984924623,0.804396984924623,0.821884422110553,0.821884422110553
"121",100,1,7,FALSE,0.757575757575758,0.580808080808081,0.681818181818182,0.681818181818182,0.712121212121212,0.712121212121212,0.404040404040404,0.404040404040404,0.434343434343434,0.434343434343434,0.358585858585859,0.358585858585859,0.742424242424242,0.696969696969697,0.94949494949495,0.818181818181818,0.94949494949495,0.732323232323232,0.914141414141414,0.676767676767677,0.717171717171717,0.767676767676768,NA,1,1,1,1,1,1
"122",500,1,7,FALSE,0.787575150300601,0.645290581162325,0.789579158316633,0.789579158316633,0.788577154308617,0.788577154308617,0.74248496993988,0.74248496993988,0.851703406813627,0.851703406813627,0.528056112224449,0.528056112224449,0.751503006012024,0.734468937875752,0.957915831663327,0.817635270541082,0.98496993987976,0.770541082164329,0.965931863727455,0.777555110220441,0.766533066132264,0.82064128256513,NA,1,1,1,1,1,1
"123",1000,1,7,FALSE,0.806306306306306,0.668668668668669,0.814314314314314,0.814314314314314,0.803803803803804,0.803803803803804,0.86036036036036,0.86036036036036,0.746246246246246,0.746246246246246,0.722222222222222,0.722222222222222,0.765765765765766,0.791291291291291,0.905905905905906,0.802302302302302,0.976976976976977,0.765265265265265,0.952452452452452,0.733733733733734,0.775775775775776,0.774774774774775,NA,1,1,1,1,1,1
"124",2000,1,7,FALSE,0.586293146573287,0.573786893446723,0.666333166583292,0.666333166583292,0.645322661330665,0.645322661330665,0.633566783391696,0.633566783391696,0.788144072036018,0.788144072036018,0.43871935967984,0.43871935967984,0.603801900950475,0.637568784392196,0.857928964482241,0.873186593296648,0.87343671835918,0.56328164082041,0.80040020010005,0.581290645322661,0.586043021510755,0.593796898449225,NA,0.999499749874938,0.999499749874938,1,1,1,1
"125",100,5,7,FALSE,0.607368421052632,0.593684210526316,0.641052631578947,0.641052631578947,0.653684210526316,0.653684210526316,0.483157894736842,0.483157894736842,0.565263157894737,0.565263157894737,0.481052631578947,0.481052631578947,0.659473684210526,0.676842105263158,0.841578947368421,0.737368421052632,0.824736842105263,0.663684210526316,0.758947368421053,0.658947368421053,0.646315789473684,0.683157894736842,NA,0.848421052631579,0.848421052631579,0.872631578947368,0.872631578947368,0.883157894736842,0.883157894736842
"126",500,5,7,FALSE,0.634343434343434,0.62040404040404,0.686464646464646,0.686464646464646,0.685656565656566,0.685656565656566,0.632121212121212,0.632121212121212,0.655151515151515,0.655151515151515,0.587676767676768,0.587676767676768,0.677575757575758,0.672121212121212,0.810909090909091,0.72979797979798,0.863636363636364,0.668686868686869,0.807272727272727,0.677777777777778,0.672121212121212,0.683636363636364,NA,0.876767676767677,0.876767676767677,0.89959595959596,0.89959595959596,0.905454545454546,0.905454545454546
"127",1000,5,7,FALSE,0.666281407035176,0.584020100502513,0.667437185929648,0.667437185929648,0.659396984924623,0.659396984924623,0.692261306532663,0.692261306532663,0.706834170854271,0.706834170854271,0.606834170854271,0.606834170854271,0.643819095477387,0.634773869346734,0.76391959798995,0.715678391959799,0.837286432160804,0.628140703517588,0.815075376884422,0.640201005025126,0.652462311557789,0.673668341708543,NA,0.899497487437186,0.899497487437186,0.925125628140703,0.925125628140703,0.926231155778894,0.926231155778894
"128",2000,5,7,FALSE,0.584812030075188,0.574736842105263,0.698646616541353,0.698646616541353,0.679699248120301,0.679699248120301,0.714135338345865,0.714135338345865,0.75187969924812,0.75187969924812,0.62125313283208,0.62125313283208,0.636942355889724,0.642556390977444,0.791679197994988,0.744561403508772,0.824812030075188,0.626967418546366,0.789273182957393,0.635288220551378,0.632982456140351,0.664611528822055,NA,0.886215538847118,0.886215538847118,0.89593984962406,0.89593984962406,0.900601503759399,0.900601503759399
"129",100,10,7,FALSE,0.601388888888889,0.578333333333333,0.636111111111111,0.636111111111111,0.647222222222222,0.647222222222222,0.47,0.47,0.543333333333333,0.543333333333333,0.497222222222222,0.497222222222222,0.641666666666667,0.658611111111111,0.798055555555556,0.703611111111111,0.838055555555556,0.638888888888889,0.774444444444444,0.635555555555556,0.630277777777778,0.651111111111111,NA,0.829444444444444,0.829444444444444,0.841666666666667,0.841666666666667,0.833888888888889,0.833888888888889
"130",500,10,7,FALSE,0.604795918367347,0.560408163265306,0.629591836734694,0.629591836734694,0.628979591836735,0.628979591836735,0.600816326530612,0.600816326530612,0.674132653061224,0.674132653061224,0.526224489795918,0.526224489795918,0.610612244897959,0.618571428571429,0.764183673469388,0.736836734693878,0.808163265306122,0.617448979591837,0.747551020408163,0.610510204081633,0.624438775510204,0.633163265306123,NA,0.871938775510204,0.871938775510204,0.881020408163265,0.881020408163265,0.894387755102041,0.894387755102041
"131",1000,10,7,FALSE,0.621994949494949,0.567373737373737,0.644949494949495,0.644949494949495,0.637777777777778,0.637777777777778,0.628030303030303,0.628030303030303,0.696717171717172,0.696717171717172,0.540050505050505,0.540050505050505,0.612525252525252,0.627676767676768,0.792929292929293,0.737626262626263,0.801262626262626,0.614747474747475,0.776010101010101,0.615454545454545,0.614015151515152,0.643989898989899,NA,0.841969696969697,0.841969696969697,0.864444444444444,0.864444444444444,0.870151515151515,0.870151515151515
"132",2000,10,7,FALSE,0.675113065326633,0.62213567839196,0.700502512562814,0.700502512562814,0.68570351758794,0.68570351758794,0.755653266331658,0.755653266331658,0.729070351758794,0.729070351758794,0.654748743718593,0.654748743718593,0.656582914572864,0.670477386934673,0.807311557788945,0.742110552763819,0.836507537688442,0.653291457286432,0.792236180904523,0.664874371859296,0.660653266331658,0.685577889447236,NA,0.908819095477387,0.908819095477387,0.922437185929648,0.922437185929648,0.922361809045226,0.922361809045226
"133",100,1,9,FALSE,0.661616161616162,0.53030303030303,0.686868686868687,0.686868686868687,0.696969696969697,0.696969696969697,0.378787878787879,0.378787878787879,0.378787878787879,0.378787878787879,0.363636363636364,0.363636363636364,0.681818181818182,0.712121212121212,0.94949494949495,0.878787878787879,0.974747474747475,0.727272727272727,0.944444444444444,0.722222222222222,0.727272727272727,0.757575757575758,NA,1,1,1,1,1,1
"134",500,1,9,FALSE,0.481963927855711,0.469939879759519,0.577154308617234,0.577154308617234,0.595190380761523,0.595190380761523,0.274549098196393,0.274549098196393,0.504008016032064,0.504008016032064,0.269539078156313,0.269539078156313,0.564128256513026,0.603206412825651,0.93687374749499,0.821643286573146,0.983967935871743,0.554108216432866,0.942885771543086,0.603206412825651,0.512024048096192,0.550100200400802,NA,1,1,1,1,1,1
"135",1000,1,9,FALSE,0.747247247247247,0.675675675675676,0.795295295295295,0.795295295295295,0.798798798798799,0.798798798798799,0.547047047047047,0.547047047047047,0.888388388388388,0.888388388388388,0.567567567567568,0.567567567567568,0.771271271271271,0.781781781781782,0.956956956956957,0.816316316316316,0.983483483483483,0.760760760760761,0.957957957957958,0.760760760760761,0.767767767767768,0.757757757757758,NA,1,1,1,1,1,1
"136",2000,1,9,FALSE,0.692221110555278,0.668334167083542,0.82016008004002,0.82016008004002,0.81615807903952,0.81615807903952,0.68584292146073,0.68584292146073,0.878939469734867,0.878939469734867,0.420710355177589,0.420710355177589,0.718859429714857,0.750125062531266,0.942221110555278,0.851925962981491,0.978989494747374,0.761630815407704,0.963981990995498,0.749874937468734,0.753876938469235,0.783391695847924,NA,1,1,1,1,1,1
"137",100,5,9,FALSE,0.607368421052632,0.569473684210526,0.62421052631579,0.62421052631579,0.637894736842105,0.637894736842105,0.415789473684211,0.415789473684211,0.46421052631579,0.46421052631579,0.435789473684211,0.435789473684211,0.642105263157895,0.648421052631579,0.801052631578947,0.773684210526316,0.849473684210526,0.64,0.792631578947368,0.632631578947368,0.631578947368421,0.645263157894737,NA,0.935789473684211,0.935789473684211,0.950526315789474,0.950526315789474,0.949473684210526,0.949473684210526
"138",500,5,9,FALSE,0.661919191919192,0.604848484848485,0.664444444444444,0.664444444444444,0.676363636363636,0.676363636363636,0.462222222222222,0.462222222222222,0.62020202020202,0.62020202020202,0.458989898989899,0.458989898989899,0.64969696969697,0.656767676767677,0.84020202020202,0.771111111111111,0.915151515151515,0.648686868686869,0.868686868686869,0.652323232323232,0.647474747474748,0.67030303030303,NA,0.990505050505051,0.990505050505051,0.993131313131313,0.993131313131313,0.991919191919192,0.991919191919192
"139",1000,5,9,FALSE,0.58964824120603,0.543819095477387,0.604623115577889,0.604623115577889,0.60572864321608,0.60572864321608,0.461809045226131,0.461809045226131,0.668140703517588,0.668140703517588,0.428844221105528,0.428844221105528,0.585226130653266,0.583618090452261,0.826030150753769,0.805527638190955,0.884924623115578,0.584221105527638,0.804924623115578,0.587939698492462,0.574572864321608,0.617185929648241,NA,0.950653266331658,0.950653266331658,0.964422110552764,0.964422110552764,0.967939698492462,0.967939698492462
"140",2000,5,9,FALSE,0.613659147869674,0.581453634085213,0.667268170426065,0.667268170426065,0.663107769423559,0.663107769423559,0.653132832080201,0.653132832080201,0.691629072681704,0.691629072681704,0.532681704260652,0.532681704260652,0.645664160401002,0.639899749373434,0.835538847117794,0.794335839598997,0.892230576441103,0.631428571428571,0.824110275689223,0.636791979949875,0.636892230576441,0.661654135338346,NA,0.964812030075188,0.964812030075188,0.971228070175439,0.971228070175439,0.978997493734336,0.978997493734336
"141",100,10,9,FALSE,0.575277777777778,0.555,0.580555555555555,0.580555555555555,0.592222222222222,0.592222222222222,0.417777777777778,0.417777777777778,0.461944444444444,0.461944444444444,0.432777777777778,0.432777777777778,0.5925,0.581388888888889,0.775,0.743333333333333,0.821666666666667,0.598333333333333,0.757777777777778,0.595555555555556,0.609444444444444,0.624444444444444,NA,0.865,0.865,0.876111111111111,0.876111111111111,0.873333333333333,0.873333333333333
"142",500,10,9,FALSE,0.626785714285714,0.589795918367347,0.657142857142857,0.657142857142857,0.668367346938776,0.668367346938776,0.491020408163265,0.491020408163265,0.610663265306122,0.610663265306122,0.487551020408163,0.487551020408163,0.64234693877551,0.645816326530612,0.836632653061224,0.742959183673469,0.889591836734694,0.645102040816326,0.825612244897959,0.630102040816326,0.648928571428571,0.654081632653061,NA,0.933673469387755,0.933673469387755,0.94,0.94,0.945,0.945
"143",1000,10,9,FALSE,0.631590909090909,0.583181818181818,0.648989898989899,0.648989898989899,0.652222222222222,0.652222222222222,0.537828282828283,0.537828282828283,0.666212121212121,0.666212121212121,0.492929292929293,0.492929292929293,0.622727272727273,0.636313131313131,0.811363636363636,0.736363636363636,0.875606060606061,0.629242424242424,0.82489898989899,0.623333333333333,0.633434343434343,0.634747474747475,NA,0.949444444444444,0.949444444444444,0.958989898989899,0.958989898989899,0.960050505050505,0.960050505050505
"144",2000,10,9,FALSE,0.564108040201005,0.514949748743719,0.606758793969849,0.606758793969849,0.60394472361809,0.60394472361809,0.561356783919598,0.561356783919598,0.666005025125628,0.666005025125628,0.473115577889447,0.473115577889447,0.587814070351759,0.592889447236181,0.807688442211055,0.788316582914573,0.851708542713568,0.571457286432161,0.772989949748744,0.577261306532663,0.578793969849246,0.600226130653266,NA,0.928869346733668,0.928869346733668,0.944497487437186,0.944497487437186,0.944623115577889,0.944623115577889
"145",100,1,11,FALSE,0.601010101010101,0.505050505050505,0.575757575757576,0.575757575757576,0.621212121212121,0.621212121212121,0.318181818181818,0.318181818181818,0.353535353535354,0.353535353535354,0.308080808080808,0.308080808080808,0.616161616161616,0.601010101010101,0.929292929292929,0.868686868686869,0.97979797979798,0.616161616161616,0.924242424242424,0.641414141414141,0.631313131313131,0.666666666666667,NA,1,1,1,1,1,1
"146",500,1,11,FALSE,0.738476953907816,0.624248496993988,0.693386773547094,0.693386773547094,0.730460921843687,0.730460921843687,0.340681362725451,0.340681362725451,0.662324649298597,0.662324649298597,0.344689378757515,0.344689378757515,0.690380761523046,0.707414829659319,0.981963927855711,0.832665330661323,0.997995991983968,0.671342685370741,0.980961923847695,0.68436873747495,0.660320641282565,0.744488977955912,NA,1,1,1,1,1,1
"147",1000,1,11,FALSE,0.635635635635636,0.578578578578579,0.650650650650651,0.650650650650651,0.675675675675676,0.675675675675676,0.279279279279279,0.279279279279279,0.490490490490491,0.490490490490491,0.279279279279279,0.279279279279279,0.583583583583584,0.61961961961962,0.963463463463463,0.857857857857858,0.994494494494494,0.598598598598599,0.967967967967968,0.631131131131131,0.606606606606607,0.60960960960961,NA,1,1,1,1,1,1
"148",2000,1,11,FALSE,0.746373186593297,0.525512756378189,0.618309154577289,0.618309154577289,0.621060530265133,0.621060530265133,0.376938469234617,0.376938469234617,0.718109054527264,0.718109054527264,0.357178589294647,0.357178589294647,0.590545272636318,0.581790895447724,0.945472736368184,0.86568284142071,0.986993496748374,0.574537268634317,0.984492246123062,0.605052526263132,0.574537268634317,0.617308654327164,NA,1,1,1,1,1,1
"149",100,5,11,FALSE,0.586842105263158,0.515789473684211,0.549473684210526,0.549473684210526,0.563157894736842,0.563157894736842,0.342105263157895,0.342105263157895,0.409473684210526,0.409473684210526,0.385263157894737,0.385263157894737,0.577894736842105,0.568947368421053,0.823157894736842,0.769473684210526,0.849473684210526,0.56,0.758947368421053,0.570526315789474,0.562631578947368,0.576315789473684,NA,0.953684210526316,0.953684210526316,0.967368421052632,0.967368421052632,0.963157894736842,0.963157894736842
"150",500,5,11,FALSE,0.653636363636364,0.547878787878788,0.612525252525252,0.612525252525252,0.626464646464647,0.626464646464647,0.392929292929293,0.392929292929293,0.519191919191919,0.519191919191919,0.408080808080808,0.408080808080808,0.627676767676768,0.630707070707071,0.82949494949495,0.786464646464647,0.908888888888889,0.601616161616162,0.842626262626263,0.578989898989899,0.6,0.615757575757576,NA,0.992121212121212,0.992121212121212,0.994949494949495,0.994949494949495,0.994141414141414,0.994141414141414
"151",1000,5,11,FALSE,0.610150753768844,0.584623115577889,0.652562814070352,0.652562814070352,0.659899497487437,0.659899497487437,0.392562814070352,0.392562814070352,0.59356783919598,0.59356783919598,0.392562814070352,0.392562814070352,0.631557788944724,0.628140703517588,0.813668341708543,0.74964824120603,0.936683417085427,0.628944723618091,0.883417085427136,0.637788944723618,0.630552763819096,0.660402010050251,NA,0.998190954773869,0.998190954773869,0.998793969849246,0.998793969849246,0.998190954773869,0.998190954773869
"152",2000,5,11,FALSE,0.640300751879699,0.543358395989975,0.635087719298246,0.635087719298246,0.637293233082707,0.637293233082707,0.485914786967419,0.485914786967419,0.715338345864662,0.715338345864662,0.460100250626566,0.460100250626566,0.607268170426065,0.609273182957393,0.891779448621554,0.772230576441103,0.94015037593985,0.61218045112782,0.886365914786967,0.62812030075188,0.618696741854637,0.634736842105263,NA,0.996892230576441,0.996892230576441,0.998345864661654,0.998345864661654,0.998045112781955,0.998045112781955
"153",100,10,11,FALSE,0.586111111111111,0.551111111111111,0.581111111111111,0.581111111111111,0.598888888888889,0.598888888888889,0.405,0.405,0.434444444444444,0.434444444444444,0.426388888888889,0.426388888888889,0.602222222222222,0.595,0.830277777777778,0.751666666666667,0.865555555555556,0.596388888888889,0.788888888888889,0.596111111111111,0.588888888888889,0.619444444444444,NA,0.906666666666667,0.906666666666667,0.92,0.92,0.913333333333333,0.913333333333333
"154",500,10,11,FALSE,0.610357142857143,0.55265306122449,0.614183673469388,0.614183673469388,0.626326530612245,0.626326530612245,0.394285714285714,0.394285714285714,0.563775510204082,0.563775510204082,0.414387755102041,0.414387755102041,0.598673469387755,0.61969387755102,0.84234693877551,0.769387755102041,0.884489795918367,0.609285714285714,0.818469387755102,0.619387755102041,0.605612244897959,0.620408163265306,NA,0.961326530612245,0.961326530612245,0.968163265306123,0.968163265306123,0.967755102040816,0.967755102040816
"155",1000,10,11,FALSE,0.652323232323232,0.611464646464646,0.678080808080808,0.678080808080808,0.685858585858586,0.685858585858586,0.448787878787879,0.448787878787879,0.610757575757576,0.610757575757576,0.448787878787879,0.448787878787879,0.659545454545455,0.646313131313131,0.827727272727273,0.781590909090909,0.901818181818182,0.657272727272727,0.842373737373737,0.654090909090909,0.665050505050505,0.67520202020202,NA,0.975808080808081,0.975808080808081,0.98030303030303,0.98030303030303,0.978888888888889,0.978888888888889
"156",2000,10,11,FALSE,0.646381909547739,0.573040201005025,0.65356783919598,0.65356783919598,0.656105527638191,0.656105527638191,0.49427135678392,0.49427135678392,0.652713567839196,0.652713567839196,0.446758793969849,0.446758793969849,0.62391959798995,0.629673366834171,0.847763819095477,0.771934673366834,0.897989949748744,0.623417085427136,0.839321608040201,0.61035175879397,0.637286432160804,0.65643216080402,NA,0.981708542713568,0.981708542713568,0.985,0.985,0.984798994974874,0.984798994974874
"157",100,1,17,FALSE,0.717171717171717,0.570707070707071,0.590909090909091,0.590909090909091,0.606060606060606,0.606060606060606,0.121212121212121,0.121212121212121,0.419191919191919,0.419191919191919,0.305555555555556,0.305555555555556,0.611111111111111,0.601010101010101,0.924242424242424,0.838383838383838,0.96969696969697,0.631313131313131,0.904040404040404,0.616161616161616,0.646464646464646,0.656565656565657,NA,NA,NA,NA,NA,NA,NA
"158",500,1,17,FALSE,0.62374749498998,0.460921843687375,0.528056112224449,0.528056112224449,0.539078156312625,0.539078156312625,0.203406813627254,0.203406813627254,0.312625250501002,0.312625250501002,0.219438877755511,0.219438877755511,0.57815631262525,0.549098196392786,0.943887775551102,0.827655310621243,0.991983967935872,0.516032064128257,0.958917835671343,0.496993987975952,0.555110220440882,0.519038076152305,NA,1,1,1,1,1,1
"159",1000,1,17,FALSE,0.691691691691692,0.607607607607608,0.622622622622623,0.622622622622623,0.637137137137137,0.637137137137137,0.202702702702703,0.202702702702703,0.267267267267267,0.267267267267267,0.232732732732733,0.232732732732733,0.595095095095095,0.604604604604605,0.955455455455456,0.877377377377377,0.997997997997998,0.592592592592593,0.972472472472472,0.562062062062062,0.611111111111111,0.641141141141141,NA,1,1,1,1,1,1
"160",2000,1,17,FALSE,0.603301650825413,0.550775387693847,0.605552776388194,0.605552776388194,0.612056028014007,0.612056028014007,0.283641820910455,0.283641820910455,0.515507753876938,0.515507753876938,0.288894447223612,0.288894447223612,0.545022511255628,0.58504252126063,0.953976988494247,0.800900450225113,0.986493246623312,0.574537268634317,0.958729364682341,0.599799899949975,0.56528264132066,0.596548274137069,NA,1,1,1,1,1,1
"161",100,5,17,FALSE,0.628421052631579,0.538947368421053,0.578947368421053,0.578947368421053,0.598947368421053,0.598947368421053,0.231578947368421,0.231578947368421,0.358947368421053,0.358947368421053,0.361052631578947,0.361052631578947,0.603684210526316,0.595789473684211,0.841052631578947,0.801578947368421,0.916842105263158,0.608421052631579,0.828421052631579,0.590526315789474,0.613684210526316,0.602105263157895,NA,NA,NA,NA,NA,NA,NA
"162",500,5,17,FALSE,0.635454545454545,0.574747474747475,0.612929292929293,0.612929292929293,0.62,0.62,0.324242424242424,0.324242424242424,0.40020202020202,0.40020202020202,0.34949494949495,0.34949494949495,0.621818181818182,0.61030303030303,0.856969696969697,0.812121212121212,0.96020202020202,0.610707070707071,0.874141414141414,0.604646464646465,0.602222222222222,0.625252525252525,NA,1,1,1,1,1,1
"163",1000,5,17,FALSE,0.594070351758794,0.565829145728643,0.604422110552764,0.604422110552764,0.609547738693467,0.609547738693467,0.307236180904523,0.307236180904523,0.407336683417085,0.407336683417085,0.325025125628141,0.325025125628141,0.599095477386935,0.589949748743719,0.881909547738693,0.783819095477387,0.962311557788945,0.59105527638191,0.900301507537688,0.602914572864322,0.595175879396985,0.612663316582915,NA,1,1,1,1,1,1
"164",2000,5,17,FALSE,0.646666666666667,0.574786967418546,0.635288220551378,0.635288220551378,0.636340852130326,0.636340852130326,0.319448621553885,0.319448621553885,0.458395989974937,0.458395989974937,0.326967418546366,0.326967418546366,0.615639097744361,0.594385964912281,0.856040100250627,0.76781954887218,0.979749373433584,0.609273182957393,0.91984962406015,0.61483709273183,0.617543859649123,0.625864661654135,NA,1,1,1,1,1,1
"165",100,10,17,FALSE,0.620555555555556,0.559444444444444,0.583888888888889,0.583888888888889,0.599444444444444,0.599444444444444,0.287777777777778,0.287777777777778,0.393611111111111,0.393611111111111,0.341666666666667,0.341666666666667,0.596666666666667,0.593888888888889,0.846111111111111,0.774444444444444,0.893333333333333,0.609444444444444,0.802777777777778,0.607777777777778,0.598888888888889,0.598888888888889,NA,NA,NA,NA,NA,NA,NA
"166",500,10,17,FALSE,0.64234693877551,0.563469387755102,0.609795918367347,0.609795918367347,0.617551020408163,0.617551020408163,0.321122448979592,0.321122448979592,0.421479591836735,0.421479591836735,0.351632653061224,0.351632653061224,0.62,0.6175,0.829336734693878,0.771020408163265,0.931020408163265,0.605816326530612,0.858979591836735,0.600204081632653,0.60469387755102,0.634285714285714,NA,0.999489795918367,0.999489795918367,0.999591836734694,0.999591836734694,0.999387755102041,0.999387755102041
"167",1000,10,17,FALSE,0.642777777777778,0.575707070707071,0.630757575757576,0.630757575757576,0.638686868686869,0.638686868686869,0.336161616161616,0.336161616161616,0.41979797979798,0.41979797979798,0.346212121212121,0.346212121212121,0.616287878787879,0.627222222222222,0.860252525252525,0.781313131313131,0.95040404040404,0.611515151515152,0.883989898989899,0.608434343434343,0.620656565656566,0.635050505050505,NA,0.999848484848485,0.999848484848485,0.999848484848485,0.999848484848485,0.999949494949495,0.999949494949495
"168",2000,10,17,FALSE,0.642298994974874,0.547989949748744,0.620552763819096,0.620552763819096,0.622336683417085,0.622336683417085,0.323894472361809,0.323894472361809,0.504874371859297,0.504874371859297,0.344346733668342,0.344346733668342,0.599572864321608,0.608090452261307,0.848341708542714,0.769723618090452,0.932738693467337,0.597638190954774,0.87,0.598442211055276,0.593190954773869,0.639623115577889,NA,0.999824120603015,0.999824120603015,0.999924623115578,0.999924623115578,0.999874371859297,0.999874371859297
